     0.000  0.1000E+01  0.0000E+00    0.00  0.0000E+00
     1.000  0.9988E+00  0.0000E+00    0.77  0.0000E+00
     2.000  0.9952E+00  0.0000E+00    1.53  0.0000E+00
     3.000  0.9892E+00  0.0000E+00    2.30  0.0000E+00
     4.000  0.9809E+00  0.0000E+00    3.07  0.0000E+00
     5.000  0.9703E+00  0.0000E+00    3.83  0.0000E+00
     6.000  0.9575E+00  0.0000E+00    4.60  0.0000E+00
     7.000  0.9425E+00  0.0000E+00    5.37  0.0000E+00
     8.000  0.9254E+00  0.0000E+00    6.13  0.0000E+00
     9.000  0.9063E+00  0.0000E+00    6.90  0.0000E+00
    10.000  0.8853E+00  0.0000E+00    7.67  0.0000E+00
    11.000  0.8625E+00  0.0000E+00    8.44  0.0000E+00
    12.000  0.8380E+00  0.0000E+00    9.21  0.0000E+00
    13.000  0.8120E+00  0.0000E+00    9.98  0.0000E+00
    14.000  0.7845E+00  0.0000E+00   10.75  0.0000E+00
    15.000  0.7557E+00  0.0000E+00   11.52  0.0000E+00
    16.000  0.7256E+00  0.0000E+00   12.29  0.0000E+00
    17.000  0.6945E+00  0.0000E+00   13.06  0.0000E+00
    18.000  0.6624E+00  0.0000E+00   13.83  0.0000E+00
    19.000  0.6294E+00  0.0000E+00   14.61  0.0000E+00
    20.000  0.5956E+00  0.0000E+00   15.38  0.0000E+00
    21.000  0.5612E+00  0.0000E+00   16.16  0.0000E+00
    22.000  0.5263E+00  0.0000E+00   16.93  0.0000E+00
    23.000  0.4909E+00  0.0000E+00   17.71  0.0000E+00
    24.000  0.4552E+00  0.0000E+00   18.49  0.0000E+00
    25.000  0.4193E+00  0.0000E+00   19.26  0.0000E+00
    26.000  0.3831E+00  0.0000E+00   20.04  0.0000E+00
    27.000  0.3469E+00  0.0000E+00   20.82  0.0000E+00
    28.000  0.3106E+00  0.0000E+00   21.61  0.0000E+00
    29.000  0.2745E+00  0.0000E+00   22.39  0.0000E+00
    30.000  0.2384E+00  0.0000E+00   23.17  0.0000E+00
    31.000  0.2025E+00  0.0000E+00   23.96  0.0000E+00
    32.000  0.1668E+00  0.0000E+00   24.74  0.0000E+00
    33.000  0.1314E+00  0.0000E+00   25.53  0.0000E+00
    34.000  0.9630E-01  0.0000E+00   26.32  0.0000E+00
    35.000  0.6157E-01  0.0000E+00   27.11  0.0000E+00
    36.000  0.2724E-01  0.0000E+00   27.90  0.0000E+00
    37.000 -0.6658E-02  0.0000E+00   28.70  0.0000E+00
    38.000 -0.4010E-01  0.0000E+00   29.49  0.0000E+00
    39.000 -0.7306E-01  0.0000E+00   30.29  0.0000E+00
    40.000 -0.1055E+00  0.0000E+00   31.09  0.0000E+00
    41.000 -0.1374E+00  0.0000E+00   31.89  0.0000E+00
    42.000 -0.1688E+00  0.0000E+00   32.69  0.0000E+00
    43.000 -0.1996E+00  0.0000E+00   33.49  0.0000E+00
    44.000 -0.2299E+00  0.0000E+00   34.30  0.0000E+00
    45.000 -0.2595E+00  0.0000E+00   35.10  0.0000E+00
    46.000 -0.2885E+00  0.0000E+00   35.91  0.0000E+00
    47.000 -0.3170E+00  0.0000E+00   36.72  0.0000E+00
    48.000 -0.3448E+00  0.0000E+00   37.53  0.0000E+00
    49.000 -0.3720E+00  0.0000E+00   38.35  0.0000E+00
    50.000 -0.3985E+00  0.0000E+00   39.16  0.0000E+00
    51.000 -0.4244E+00  0.0000E+00   39.98  0.0000E+00
    52.000 -0.4497E+00  0.0000E+00   40.80  0.0000E+00
    53.000 -0.4743E+00  0.0000E+00   41.63  0.0000E+00
    54.000 -0.4982E+00  0.0000E+00   42.45  0.0000E+00
    55.000 -0.5215E+00  0.0000E+00   43.28  0.0000E+00
    56.000 -0.5441E+00  0.0000E+00   44.11  0.0000E+00
    57.000 -0.5661E+00  0.0000E+00   44.94  0.0000E+00
    58.000 -0.5874E+00  0.0000E+00   45.78  0.0000E+00
    59.000 -0.6080E+00  0.0000E+00   46.62  0.0000E+00
    60.000 -0.6279E+00  0.0000E+00   47.46  0.0000E+00
    61.000 -0.6472E+00  0.0000E+00   48.30  0.0000E+00
    62.000 -0.6658E+00  0.0000E+00   49.14  0.0000E+00
    63.000 -0.6837E+00  0.0000E+00   49.99  0.0000E+00
    64.000 -0.7009E+00  0.0000E+00   50.84  0.0000E+00
    65.000 -0.7175E+00  0.0000E+00   51.70  0.0000E+00
    66.000 -0.7333E+00  0.0000E+00   52.55  0.0000E+00
    67.000 -0.7485E+00  0.0000E+00   53.41  0.0000E+00
    68.000 -0.7629E+00  0.0000E+00   54.27  0.0000E+00
    69.000 -0.7767E+00  0.0000E+00   55.14  0.0000E+00
    70.000 -0.7898E+00  0.0000E+00   56.01  0.0000E+00
    71.000 -0.8022E+00  0.0000E+00   56.88  0.0000E+00
    72.000 -0.8139E+00  0.0000E+00   57.75  0.0000E+00
    73.000 -0.8248E+00  0.0000E+00   58.63  0.0000E+00
    74.000 -0.8351E+00  0.0000E+00   59.51  0.0000E+00
    75.000 -0.8447E+00  0.0000E+00   60.40  0.0000E+00
    76.000 -0.8536E+00  0.0000E+00   61.28  0.0000E+00
    77.000 -0.8617E+00  0.0000E+00   62.18  0.0000E+00
    78.000 -0.8692E+00  0.0000E+00   63.07  0.0000E+00
    79.000 -0.8759E+00  0.0000E+00   63.97  0.0000E+00
    80.000 -0.8820E+00  0.0000E+00   64.87  0.0000E+00
    81.000 -0.8873E+00  0.0000E+00   65.78  0.0000E+00
    82.000 -0.8919E+00  0.0000E+00   66.69  0.0000E+00
    83.000 -0.8958E+00  0.0000E+00   67.60  0.0000E+00
    84.000 -0.8990E+00  0.0000E+00   68.52  0.0000E+00
    85.000 -0.9014E+00  0.0000E+00   69.44  0.0000E+00
    86.000 -0.9032E+00  0.0000E+00   70.36  0.0000E+00
    87.000 -0.9042E+00  0.0000E+00   71.29  0.0000E+00
    88.000 -0.9045E+00  0.0000E+00   72.22  0.0000E+00
    89.000 -0.9041E+00  0.0000E+00   73.16  0.0000E+00
    90.000 -0.9029E+00  0.0000E+00   74.10  0.0000E+00
    91.000 -0.9011E+00  0.0000E+00   75.05  0.0000E+00
    92.000 -0.8985E+00  0.0000E+00   76.00  0.0000E+00
    93.000 -0.8951E+00  0.0000E+00   76.95  0.0000E+00
    94.000 -0.8911E+00  0.0000E+00   77.91  0.0000E+00
    95.000 -0.8863E+00  0.0000E+00   78.87  0.0000E+00
    96.000 -0.8808E+00  0.0000E+00   79.84  0.0000E+00
    97.000 -0.8746E+00  0.0000E+00   80.81  0.0000E+00
    98.000 -0.8676E+00  0.0000E+00   81.79  0.0000E+00
    99.000 -0.8599E+00  0.0000E+00   82.77  0.0000E+00
   100.000 -0.8515E+00  0.0000E+00   83.76  0.0000E+00
   101.000 -0.8423E+00  0.0000E+00   84.75  0.0000E+00
   102.000 -0.8324E+00  0.0000E+00   85.75  0.0000E+00
   103.000 -0.8218E+00  0.0000E+00   86.75  0.0000E+00
   104.000 -0.8104E+00  0.0000E+00   87.75  0.0000E+00
   105.000 -0.7983E+00  0.0000E+00   88.76  0.0000E+00
   106.000 -0.7854E+00  0.0000E+00   89.78  0.0000E+00
   107.000 -0.7719E+00  0.0000E+00   90.80  0.0000E+00
   108.000 -0.7575E+00  0.0000E+00   91.83  0.0000E+00
   109.000 -0.7425E+00  0.0000E+00   92.86  0.0000E+00
   110.000 -0.7266E+00  0.0000E+00   93.90  0.0000E+00
   111.000 -0.7101E+00  0.0000E+00   94.94  0.0000E+00
   112.000 -0.6928E+00  0.0000E+00   95.99  0.0000E+00
   113.000 -0.6748E+00  0.0000E+00   97.04  0.0000E+00
   114.000 -0.6560E+00  0.0000E+00   98.10  0.0000E+00
   115.000 -0.6366E+00  0.0000E+00   99.17  0.0000E+00
   116.000 -0.6164E+00  0.0000E+00  100.24  0.0000E+00
   117.000 -0.5954E+00  0.0000E+00  101.31  0.0000E+00
   118.000 -0.5738E+00  0.0000E+00  102.39  0.0000E+00
   119.000 -0.5514E+00  0.0000E+00  103.48  0.0000E+00
   120.000 -0.5284E+00  0.0000E+00  104.57  0.0000E+00
   121.000 -0.5046E+00  0.0000E+00  105.67  0.0000E+00
   122.000 -0.4801E+00  0.0000E+00  106.78  0.0000E+00
   123.000 -0.4550E+00  0.0000E+00  107.89  0.0000E+00
   124.000 -0.4292E+00  0.0000E+00  109.00  0.0000E+00
   125.000 -0.4028E+00  0.0000E+00  110.13  0.0000E+00
   126.000 -0.3757E+00  0.0000E+00  111.26  0.0000E+00
   127.000 -0.3479E+00  0.0000E+00  112.39  0.0000E+00
   128.000 -0.3196E+00  0.0000E+00  113.53  0.0000E+00
   129.000 -0.2907E+00  0.0000E+00  114.68  0.0000E+00
   130.000 -0.2612E+00  0.0000E+00  115.83  0.0000E+00
   131.000 -0.2312E+00  0.0000E+00  116.99  0.0000E+00
   132.000 -0.2006E+00  0.0000E+00  118.15  0.0000E+00
   133.000 -0.1696E+00  0.0000E+00  119.32  0.0000E+00
   134.000 -0.1381E+00  0.0000E+00  120.50  0.0000E+00
   135.000 -0.1061E+00  0.0000E+00  121.68  0.0000E+00
   136.000 -0.7377E-01  0.0000E+00  122.87  0.0000E+00
   137.000 -0.4105E-01  0.0000E+00  124.06  0.0000E+00
   138.000 -0.7996E-02  0.0000E+00  125.26  0.0000E+00
   139.000  0.2535E-01  0.0000E+00  126.47  0.0000E+00
   140.000  0.5896E-01  0.0000E+00  127.68  0.0000E+00
   141.000  0.9277E-01  0.0000E+00  128.90  0.0000E+00
   142.000  0.1267E+00  0.0000E+00  130.13  0.0000E+00
   143.000  0.1608E+00  0.0000E+00  131.36  0.0000E+00
   144.000  0.1950E+00  0.0000E+00  132.59  0.0000E+00
   145.000  0.2292E+00  0.0000E+00  133.83  0.0000E+00
   146.000  0.2634E+00  0.0000E+00  135.08  0.0000E+00
   147.000  0.2974E+00  0.0000E+00  136.33  0.0000E+00
   148.000  0.3313E+00  0.0000E+00  137.59  0.0000E+00
   149.000  0.3651E+00  0.0000E+00  138.85  0.0000E+00
   150.000  0.3985E+00  0.0000E+00  140.12  0.0000E+00
   151.000  0.4317E+00  0.0000E+00  141.40  0.0000E+00
   152.000  0.4645E+00  0.0000E+00  142.68  0.0000E+00
   153.000  0.4968E+00  0.0000E+00  143.96  0.0000E+00
   154.000  0.5286E+00  0.0000E+00  145.25  0.0000E+00
   155.000  0.5599E+00  0.0000E+00  146.54  0.0000E+00
   156.000  0.5906E+00  0.0000E+00  147.84  0.0000E+00
   157.000  0.6206E+00  0.0000E+00  149.15  0.0000E+00
   158.000  0.6498E+00  0.0000E+00  150.45  0.0000E+00
   159.000  0.6783E+00  0.0000E+00  151.77  0.0000E+00
   160.000  0.7058E+00  0.0000E+00  153.08  0.0000E+00
   161.000  0.7325E+00  0.0000E+00  154.40  0.0000E+00
   162.000  0.7582E+00  0.0000E+00  155.73  0.0000E+00
   163.000  0.7828E+00  0.0000E+00  157.05  0.0000E+00
   164.000  0.8063E+00  0.0000E+00  158.38  0.0000E+00
   165.000  0.8287E+00  0.0000E+00  159.72  0.0000E+00
   166.000  0.8500E+00  0.0000E+00  161.06  0.0000E+00
   167.000  0.8699E+00  0.0000E+00  162.40  0.0000E+00
   168.000  0.8886E+00  0.0000E+00  163.74  0.0000E+00
   169.000  0.9060E+00  0.0000E+00  165.09  0.0000E+00
   170.000  0.9220E+00  0.0000E+00  166.43  0.0000E+00
   171.000  0.9366E+00  0.0000E+00  167.78  0.0000E+00
   172.000  0.9497E+00  0.0000E+00  169.14  0.0000E+00
   173.000  0.9614E+00  0.0000E+00  170.49  0.0000E+00
   174.000  0.9715E+00  0.0000E+00  171.85  0.0000E+00
   175.000  0.9802E+00  0.0000E+00  173.20  0.0000E+00
   176.000  0.9873E+00  0.0000E+00  174.56  0.0000E+00
   177.000  0.9928E+00  0.0000E+00  175.92  0.0000E+00
   178.000  0.9968E+00  0.0000E+00  177.28  0.0000E+00
   179.000  0.9992E+00  0.0000E+00  178.64  0.0000E+00
   180.000  0.1000E+01  0.0000E+00  180.00  0.0000E+00
