     0.000  0.1000E+01  0.0000E+00    0.00  0.0000E+00
     1.000  0.9988E+00  0.0000E+00    0.76  0.0000E+00
     2.000  0.9950E+00  0.0000E+00    1.53  0.0000E+00
     3.000  0.9888E+00  0.0000E+00    2.30  0.0000E+00
     4.000  0.9802E+00  0.0000E+00    3.06  0.0000E+00
     5.000  0.9693E+00  0.0000E+00    3.83  0.0000E+00
     6.000  0.9560E+00  0.0000E+00    4.59  0.0000E+00
     7.000  0.9405E+00  0.0000E+00    5.36  0.0000E+00
     8.000  0.9228E+00  0.0000E+00    6.12  0.0000E+00
     9.000  0.9031E+00  0.0000E+00    6.89  0.0000E+00
    10.000  0.8815E+00  0.0000E+00    7.66  0.0000E+00
    11.000  0.8580E+00  0.0000E+00    8.42  0.0000E+00
    12.000  0.8328E+00  0.0000E+00    9.19  0.0000E+00
    13.000  0.8061E+00  0.0000E+00    9.96  0.0000E+00
    14.000  0.7779E+00  0.0000E+00   10.73  0.0000E+00
    15.000  0.7483E+00  0.0000E+00   11.50  0.0000E+00
    16.000  0.7176E+00  0.0000E+00   12.27  0.0000E+00
    17.000  0.6858E+00  0.0000E+00   13.04  0.0000E+00
    18.000  0.6530E+00  0.0000E+00   13.81  0.0000E+00
    19.000  0.6194E+00  0.0000E+00   14.58  0.0000E+00
    20.000  0.5850E+00  0.0000E+00   15.35  0.0000E+00
    21.000  0.5501E+00  0.0000E+00   16.13  0.0000E+00
    22.000  0.5147E+00  0.0000E+00   16.90  0.0000E+00
    23.000  0.4789E+00  0.0000E+00   17.68  0.0000E+00
    24.000  0.4428E+00  0.0000E+00   18.45  0.0000E+00
    25.000  0.4065E+00  0.0000E+00   19.23  0.0000E+00
    26.000  0.3701E+00  0.0000E+00   20.01  0.0000E+00
    27.000  0.3337E+00  0.0000E+00   20.79  0.0000E+00
    28.000  0.2973E+00  0.0000E+00   21.57  0.0000E+00
    29.000  0.2610E+00  0.0000E+00   22.35  0.0000E+00
    30.000  0.2249E+00  0.0000E+00   23.13  0.0000E+00
    31.000  0.1890E+00  0.0000E+00   23.92  0.0000E+00
    32.000  0.1533E+00  0.0000E+00   24.70  0.0000E+00
    33.000  0.1180E+00  0.0000E+00   25.49  0.0000E+00
    34.000  0.8312E-01  0.0000E+00   26.28  0.0000E+00
    35.000  0.4860E-01  0.0000E+00   27.07  0.0000E+00
    36.000  0.1453E-01  0.0000E+00   27.86  0.0000E+00
    37.000 -0.1909E-01  0.0000E+00   28.65  0.0000E+00
    38.000 -0.5220E-01  0.0000E+00   29.44  0.0000E+00
    39.000 -0.8480E-01  0.0000E+00   30.24  0.0000E+00
    40.000 -0.1169E+00  0.0000E+00   31.04  0.0000E+00
    41.000 -0.1483E+00  0.0000E+00   31.83  0.0000E+00
    42.000 -0.1793E+00  0.0000E+00   32.63  0.0000E+00
    43.000 -0.2096E+00  0.0000E+00   33.44  0.0000E+00
    44.000 -0.2394E+00  0.0000E+00   34.24  0.0000E+00
    45.000 -0.2685E+00  0.0000E+00   35.05  0.0000E+00
    46.000 -0.2970E+00  0.0000E+00   35.86  0.0000E+00
    47.000 -0.3249E+00  0.0000E+00   36.67  0.0000E+00
    48.000 -0.3521E+00  0.0000E+00   37.48  0.0000E+00
    49.000 -0.3788E+00  0.0000E+00   38.29  0.0000E+00
    50.000 -0.4047E+00  0.0000E+00   39.11  0.0000E+00
    51.000 -0.4301E+00  0.0000E+00   39.93  0.0000E+00
    52.000 -0.4548E+00  0.0000E+00   40.75  0.0000E+00
    53.000 -0.4788E+00  0.0000E+00   41.57  0.0000E+00
    54.000 -0.5022E+00  0.0000E+00   42.39  0.0000E+00
    55.000 -0.5249E+00  0.0000E+00   43.22  0.0000E+00
    56.000 -0.5470E+00  0.0000E+00   44.05  0.0000E+00
    57.000 -0.5684E+00  0.0000E+00   44.88  0.0000E+00
    58.000 -0.5892E+00  0.0000E+00   45.72  0.0000E+00
    59.000 -0.6093E+00  0.0000E+00   46.55  0.0000E+00
    60.000 -0.6287E+00  0.0000E+00   47.39  0.0000E+00
    61.000 -0.6475E+00  0.0000E+00   48.24  0.0000E+00
    62.000 -0.6656E+00  0.0000E+00   49.08  0.0000E+00
    63.000 -0.6830E+00  0.0000E+00   49.93  0.0000E+00
    64.000 -0.6998E+00  0.0000E+00   50.78  0.0000E+00
    65.000 -0.7159E+00  0.0000E+00   51.63  0.0000E+00
    66.000 -0.7314E+00  0.0000E+00   52.49  0.0000E+00
    67.000 -0.7462E+00  0.0000E+00   53.35  0.0000E+00
    68.000 -0.7603E+00  0.0000E+00   54.21  0.0000E+00
    69.000 -0.7737E+00  0.0000E+00   55.08  0.0000E+00
    70.000 -0.7865E+00  0.0000E+00   55.94  0.0000E+00
    71.000 -0.7986E+00  0.0000E+00   56.82  0.0000E+00
    72.000 -0.8100E+00  0.0000E+00   57.69  0.0000E+00
    73.000 -0.8208E+00  0.0000E+00   58.57  0.0000E+00
    74.000 -0.8309E+00  0.0000E+00   59.45  0.0000E+00
    75.000 -0.8403E+00  0.0000E+00   60.33  0.0000E+00
    76.000 -0.8490E+00  0.0000E+00   61.22  0.0000E+00
    77.000 -0.8571E+00  0.0000E+00   62.11  0.0000E+00
    78.000 -0.8645E+00  0.0000E+00   63.01  0.0000E+00
    79.000 -0.8712E+00  0.0000E+00   63.91  0.0000E+00
    80.000 -0.8772E+00  0.0000E+00   64.81  0.0000E+00
    81.000 -0.8826E+00  0.0000E+00   65.72  0.0000E+00
    82.000 -0.8873E+00  0.0000E+00   66.63  0.0000E+00
    83.000 -0.8913E+00  0.0000E+00   67.54  0.0000E+00
    84.000 -0.8946E+00  0.0000E+00   68.46  0.0000E+00
    85.000 -0.8972E+00  0.0000E+00   69.38  0.0000E+00
    86.000 -0.8992E+00  0.0000E+00   70.30  0.0000E+00
    87.000 -0.9005E+00  0.0000E+00   71.23  0.0000E+00
    88.000 -0.9010E+00  0.0000E+00   72.17  0.0000E+00
    89.000 -0.9009E+00  0.0000E+00   73.11  0.0000E+00
    90.000 -0.9002E+00  0.0000E+00   74.05  0.0000E+00
    91.000 -0.8987E+00  0.0000E+00   74.99  0.0000E+00
    92.000 -0.8965E+00  0.0000E+00   75.95  0.0000E+00
    93.000 -0.8937E+00  0.0000E+00   76.90  0.0000E+00
    94.000 -0.8902E+00  0.0000E+00   77.86  0.0000E+00
    95.000 -0.8859E+00  0.0000E+00   78.82  0.0000E+00
    96.000 -0.8810E+00  0.0000E+00   79.79  0.0000E+00
    97.000 -0.8754E+00  0.0000E+00   80.77  0.0000E+00
    98.000 -0.8691E+00  0.0000E+00   81.74  0.0000E+00
    99.000 -0.8621E+00  0.0000E+00   82.73  0.0000E+00
   100.000 -0.8543E+00  0.0000E+00   83.71  0.0000E+00
   101.000 -0.8459E+00  0.0000E+00   84.71  0.0000E+00
   102.000 -0.8368E+00  0.0000E+00   85.70  0.0000E+00
   103.000 -0.8270E+00  0.0000E+00   86.71  0.0000E+00
   104.000 -0.8164E+00  0.0000E+00   87.71  0.0000E+00
   105.000 -0.8052E+00  0.0000E+00   88.73  0.0000E+00
   106.000 -0.7932E+00  0.0000E+00   89.74  0.0000E+00
   107.000 -0.7805E+00  0.0000E+00   90.77  0.0000E+00
   108.000 -0.7671E+00  0.0000E+00   91.79  0.0000E+00
   109.000 -0.7530E+00  0.0000E+00   92.83  0.0000E+00
   110.000 -0.7382E+00  0.0000E+00   93.87  0.0000E+00
   111.000 -0.7226E+00  0.0000E+00   94.91  0.0000E+00
   112.000 -0.7063E+00  0.0000E+00   95.96  0.0000E+00
   113.000 -0.6893E+00  0.0000E+00   97.01  0.0000E+00
   114.000 -0.6716E+00  0.0000E+00   98.07  0.0000E+00
   115.000 -0.6531E+00  0.0000E+00   99.14  0.0000E+00
   116.000 -0.6340E+00  0.0000E+00  100.21  0.0000E+00
   117.000 -0.6140E+00  0.0000E+00  101.29  0.0000E+00
   118.000 -0.5934E+00  0.0000E+00  102.37  0.0000E+00
   119.000 -0.5721E+00  0.0000E+00  103.46  0.0000E+00
   120.000 -0.5500E+00  0.0000E+00  104.56  0.0000E+00
   121.000 -0.5272E+00  0.0000E+00  105.66  0.0000E+00
   122.000 -0.5037E+00  0.0000E+00  106.76  0.0000E+00
   123.000 -0.4795E+00  0.0000E+00  107.87  0.0000E+00
   124.000 -0.4546E+00  0.0000E+00  108.99  0.0000E+00
   125.000 -0.4290E+00  0.0000E+00  110.12  0.0000E+00
   126.000 -0.4028E+00  0.0000E+00  111.25  0.0000E+00
   127.000 -0.3759E+00  0.0000E+00  112.38  0.0000E+00
   128.000 -0.3483E+00  0.0000E+00  113.52  0.0000E+00
   129.000 -0.3201E+00  0.0000E+00  114.67  0.0000E+00
   130.000 -0.2913E+00  0.0000E+00  115.82  0.0000E+00
   131.000 -0.2618E+00  0.0000E+00  116.98  0.0000E+00
   132.000 -0.2318E+00  0.0000E+00  118.15  0.0000E+00
   133.000 -0.2013E+00  0.0000E+00  119.32  0.0000E+00
   134.000 -0.1702E+00  0.0000E+00  120.50  0.0000E+00
   135.000 -0.1386E+00  0.0000E+00  121.68  0.0000E+00
   136.000 -0.1065E+00  0.0000E+00  122.87  0.0000E+00
   137.000 -0.7395E-01  0.0000E+00  124.07  0.0000E+00
   138.000 -0.4102E-01  0.0000E+00  125.27  0.0000E+00
   139.000 -0.7708E-02  0.0000E+00  126.48  0.0000E+00
   140.000  0.2593E-01  0.0000E+00  127.69  0.0000E+00
   141.000  0.5987E-01  0.0000E+00  128.91  0.0000E+00
   142.000  0.9405E-01  0.0000E+00  130.13  0.0000E+00
   143.000  0.1284E+00  0.0000E+00  131.36  0.0000E+00
   144.000  0.1630E+00  0.0000E+00  132.60  0.0000E+00
   145.000  0.1976E+00  0.0000E+00  133.84  0.0000E+00
   146.000  0.2323E+00  0.0000E+00  135.09  0.0000E+00
   147.000  0.2670E+00  0.0000E+00  136.34  0.0000E+00
   148.000  0.3016E+00  0.0000E+00  137.60  0.0000E+00
   149.000  0.3361E+00  0.0000E+00  138.87  0.0000E+00
   150.000  0.3704E+00  0.0000E+00  140.13  0.0000E+00
   151.000  0.4045E+00  0.0000E+00  141.41  0.0000E+00
   152.000  0.4382E+00  0.0000E+00  142.69  0.0000E+00
   153.000  0.4716E+00  0.0000E+00  143.97  0.0000E+00
   154.000  0.5046E+00  0.0000E+00  145.26  0.0000E+00
   155.000  0.5370E+00  0.0000E+00  146.56  0.0000E+00
   156.000  0.5688E+00  0.0000E+00  147.85  0.0000E+00
   157.000  0.6000E+00  0.0000E+00  149.16  0.0000E+00
   158.000  0.6305E+00  0.0000E+00  150.47  0.0000E+00
   159.000  0.6602E+00  0.0000E+00  151.78  0.0000E+00
   160.000  0.6891E+00  0.0000E+00  153.09  0.0000E+00
   161.000  0.7170E+00  0.0000E+00  154.41  0.0000E+00
   162.000  0.7439E+00  0.0000E+00  155.74  0.0000E+00
   163.000  0.7699E+00  0.0000E+00  157.06  0.0000E+00
   164.000  0.7947E+00  0.0000E+00  158.39  0.0000E+00
   165.000  0.8183E+00  0.0000E+00  159.73  0.0000E+00
   166.000  0.8407E+00  0.0000E+00  161.07  0.0000E+00
   167.000  0.8618E+00  0.0000E+00  162.41  0.0000E+00
   168.000  0.8816E+00  0.0000E+00  163.75  0.0000E+00
   169.000  0.9000E+00  0.0000E+00  165.09  0.0000E+00
   170.000  0.9170E+00  0.0000E+00  166.44  0.0000E+00
   171.000  0.9325E+00  0.0000E+00  167.79  0.0000E+00
   172.000  0.9464E+00  0.0000E+00  169.14  0.0000E+00
   173.000  0.9588E+00  0.0000E+00  170.50  0.0000E+00
   174.000  0.9697E+00  0.0000E+00  171.85  0.0000E+00
   175.000  0.9789E+00  0.0000E+00  173.21  0.0000E+00
   176.000  0.9865E+00  0.0000E+00  174.56  0.0000E+00
   177.000  0.9924E+00  0.0000E+00  175.92  0.0000E+00
   178.000  0.9966E+00  0.0000E+00  177.28  0.0000E+00
   179.000  0.9991E+00  0.0000E+00  178.64  0.0000E+00
   180.000  0.1000E+01  0.0000E+00  180.00  0.0000E+00
