     0.000  0.1000E+01  0.0000E+00    0.00  0.0000E+00
     1.000  0.9987E+00  0.0000E+00    0.76  0.0000E+00
     2.000  0.9949E+00  0.0000E+00    1.53  0.0000E+00
     3.000  0.9885E+00  0.0000E+00    2.29  0.0000E+00
     4.000  0.9796E+00  0.0000E+00    3.05  0.0000E+00
     5.000  0.9683E+00  0.0000E+00    3.82  0.0000E+00
     6.000  0.9546E+00  0.0000E+00    4.58  0.0000E+00
     7.000  0.9387E+00  0.0000E+00    5.34  0.0000E+00
     8.000  0.9205E+00  0.0000E+00    6.11  0.0000E+00
     9.000  0.9003E+00  0.0000E+00    6.87  0.0000E+00
    10.000  0.8781E+00  0.0000E+00    7.64  0.0000E+00
    11.000  0.8540E+00  0.0000E+00    8.40  0.0000E+00
    12.000  0.8282E+00  0.0000E+00    9.17  0.0000E+00
    13.000  0.8008E+00  0.0000E+00    9.93  0.0000E+00
    14.000  0.7720E+00  0.0000E+00   10.70  0.0000E+00
    15.000  0.7418E+00  0.0000E+00   11.47  0.0000E+00
    16.000  0.7105E+00  0.0000E+00   12.24  0.0000E+00
    17.000  0.6781E+00  0.0000E+00   13.00  0.0000E+00
    18.000  0.6447E+00  0.0000E+00   13.77  0.0000E+00
    19.000  0.6106E+00  0.0000E+00   14.54  0.0000E+00
    20.000  0.5758E+00  0.0000E+00   15.31  0.0000E+00
    21.000  0.5404E+00  0.0000E+00   16.09  0.0000E+00
    22.000  0.5046E+00  0.0000E+00   16.86  0.0000E+00
    23.000  0.4684E+00  0.0000E+00   17.63  0.0000E+00
    24.000  0.4320E+00  0.0000E+00   18.41  0.0000E+00
    25.000  0.3955E+00  0.0000E+00   19.18  0.0000E+00
    26.000  0.3589E+00  0.0000E+00   19.96  0.0000E+00
    27.000  0.3223E+00  0.0000E+00   20.74  0.0000E+00
    28.000  0.2858E+00  0.0000E+00   21.51  0.0000E+00
    29.000  0.2495E+00  0.0000E+00   22.29  0.0000E+00
    30.000  0.2133E+00  0.0000E+00   23.07  0.0000E+00
    31.000  0.1775E+00  0.0000E+00   23.86  0.0000E+00
    32.000  0.1420E+00  0.0000E+00   24.64  0.0000E+00
    33.000  0.1069E+00  0.0000E+00   25.43  0.0000E+00
    34.000  0.7213E-01  0.0000E+00   26.21  0.0000E+00
    35.000  0.3785E-01  0.0000E+00   27.00  0.0000E+00
    36.000  0.4051E-02  0.0000E+00   27.79  0.0000E+00
    37.000 -0.2924E-01  0.0000E+00   28.58  0.0000E+00
    38.000 -0.6201E-01  0.0000E+00   29.37  0.0000E+00
    39.000 -0.9422E-01  0.0000E+00   30.17  0.0000E+00
    40.000 -0.1259E+00  0.0000E+00   30.96  0.0000E+00
    41.000 -0.1569E+00  0.0000E+00   31.76  0.0000E+00
    42.000 -0.1874E+00  0.0000E+00   32.56  0.0000E+00
    43.000 -0.2172E+00  0.0000E+00   33.36  0.0000E+00
    44.000 -0.2465E+00  0.0000E+00   34.16  0.0000E+00
    45.000 -0.2751E+00  0.0000E+00   34.97  0.0000E+00
    46.000 -0.3030E+00  0.0000E+00   35.77  0.0000E+00
    47.000 -0.3304E+00  0.0000E+00   36.58  0.0000E+00
    48.000 -0.3571E+00  0.0000E+00   37.39  0.0000E+00
    49.000 -0.3831E+00  0.0000E+00   38.20  0.0000E+00
    50.000 -0.4085E+00  0.0000E+00   39.02  0.0000E+00
    51.000 -0.4333E+00  0.0000E+00   39.84  0.0000E+00
    52.000 -0.4574E+00  0.0000E+00   40.66  0.0000E+00
    53.000 -0.4809E+00  0.0000E+00   41.48  0.0000E+00
    54.000 -0.5037E+00  0.0000E+00   42.30  0.0000E+00
    55.000 -0.5259E+00  0.0000E+00   43.13  0.0000E+00
    56.000 -0.5474E+00  0.0000E+00   43.96  0.0000E+00
    57.000 -0.5682E+00  0.0000E+00   44.79  0.0000E+00
    58.000 -0.5884E+00  0.0000E+00   45.62  0.0000E+00
    59.000 -0.6080E+00  0.0000E+00   46.46  0.0000E+00
    60.000 -0.6269E+00  0.0000E+00   47.30  0.0000E+00
    61.000 -0.6452E+00  0.0000E+00   48.14  0.0000E+00
    62.000 -0.6628E+00  0.0000E+00   48.98  0.0000E+00
    63.000 -0.6798E+00  0.0000E+00   49.83  0.0000E+00
    64.000 -0.6961E+00  0.0000E+00   50.68  0.0000E+00
    65.000 -0.7118E+00  0.0000E+00   51.53  0.0000E+00
    66.000 -0.7268E+00  0.0000E+00   52.39  0.0000E+00
    67.000 -0.7412E+00  0.0000E+00   53.25  0.0000E+00
    68.000 -0.7550E+00  0.0000E+00   54.11  0.0000E+00
    69.000 -0.7681E+00  0.0000E+00   54.97  0.0000E+00
    70.000 -0.7806E+00  0.0000E+00   55.84  0.0000E+00
    71.000 -0.7924E+00  0.0000E+00   56.71  0.0000E+00
    72.000 -0.8036E+00  0.0000E+00   57.58  0.0000E+00
    73.000 -0.8141E+00  0.0000E+00   58.46  0.0000E+00
    74.000 -0.8240E+00  0.0000E+00   59.34  0.0000E+00
    75.000 -0.8333E+00  0.0000E+00   60.23  0.0000E+00
    76.000 -0.8419E+00  0.0000E+00   61.12  0.0000E+00
    77.000 -0.8498E+00  0.0000E+00   62.01  0.0000E+00
    78.000 -0.8572E+00  0.0000E+00   62.90  0.0000E+00
    79.000 -0.8638E+00  0.0000E+00   63.80  0.0000E+00
    80.000 -0.8699E+00  0.0000E+00   64.70  0.0000E+00
    81.000 -0.8753E+00  0.0000E+00   65.61  0.0000E+00
    82.000 -0.8800E+00  0.0000E+00   66.52  0.0000E+00
    83.000 -0.8841E+00  0.0000E+00   67.43  0.0000E+00
    84.000 -0.8876E+00  0.0000E+00   68.35  0.0000E+00
    85.000 -0.8904E+00  0.0000E+00   69.27  0.0000E+00
    86.000 -0.8926E+00  0.0000E+00   70.20  0.0000E+00
    87.000 -0.8942E+00  0.0000E+00   71.13  0.0000E+00
    88.000 -0.8951E+00  0.0000E+00   72.06  0.0000E+00
    89.000 -0.8953E+00  0.0000E+00   73.00  0.0000E+00
    90.000 -0.8949E+00  0.0000E+00   73.94  0.0000E+00
    91.000 -0.8938E+00  0.0000E+00   74.89  0.0000E+00
    92.000 -0.8921E+00  0.0000E+00   75.84  0.0000E+00
    93.000 -0.8898E+00  0.0000E+00   76.80  0.0000E+00
    94.000 -0.8868E+00  0.0000E+00   77.76  0.0000E+00
    95.000 -0.8831E+00  0.0000E+00   78.72  0.0000E+00
    96.000 -0.8788E+00  0.0000E+00   79.69  0.0000E+00
    97.000 -0.8739E+00  0.0000E+00   80.66  0.0000E+00
    98.000 -0.8682E+00  0.0000E+00   81.64  0.0000E+00
    99.000 -0.8619E+00  0.0000E+00   82.63  0.0000E+00
   100.000 -0.8550E+00  0.0000E+00   83.62  0.0000E+00
   101.000 -0.8474E+00  0.0000E+00   84.61  0.0000E+00
   102.000 -0.8391E+00  0.0000E+00   85.61  0.0000E+00
   103.000 -0.8301E+00  0.0000E+00   86.61  0.0000E+00
   104.000 -0.8205E+00  0.0000E+00   87.62  0.0000E+00
   105.000 -0.8101E+00  0.0000E+00   88.63  0.0000E+00
   106.000 -0.7991E+00  0.0000E+00   89.65  0.0000E+00
   107.000 -0.7874E+00  0.0000E+00   90.67  0.0000E+00
   108.000 -0.7750E+00  0.0000E+00   91.70  0.0000E+00
   109.000 -0.7619E+00  0.0000E+00   92.74  0.0000E+00
   110.000 -0.7481E+00  0.0000E+00   93.78  0.0000E+00
   111.000 -0.7336E+00  0.0000E+00   94.82  0.0000E+00
   112.000 -0.7185E+00  0.0000E+00   95.87  0.0000E+00
   113.000 -0.7025E+00  0.0000E+00   96.93  0.0000E+00
   114.000 -0.6859E+00  0.0000E+00   97.99  0.0000E+00
   115.000 -0.6686E+00  0.0000E+00   99.06  0.0000E+00
   116.000 -0.6505E+00  0.0000E+00  100.13  0.0000E+00
   117.000 -0.6317E+00  0.0000E+00  101.21  0.0000E+00
   118.000 -0.6122E+00  0.0000E+00  102.29  0.0000E+00
   119.000 -0.5920E+00  0.0000E+00  103.38  0.0000E+00
   120.000 -0.5711E+00  0.0000E+00  104.48  0.0000E+00
   121.000 -0.5494E+00  0.0000E+00  105.58  0.0000E+00
   122.000 -0.5270E+00  0.0000E+00  106.69  0.0000E+00
   123.000 -0.5039E+00  0.0000E+00  107.80  0.0000E+00
   124.000 -0.4800E+00  0.0000E+00  108.92  0.0000E+00
   125.000 -0.4555E+00  0.0000E+00  110.05  0.0000E+00
   126.000 -0.4302E+00  0.0000E+00  111.18  0.0000E+00
   127.000 -0.4043E+00  0.0000E+00  112.31  0.0000E+00
   128.000 -0.3776E+00  0.0000E+00  113.46  0.0000E+00
   129.000 -0.3503E+00  0.0000E+00  114.61  0.0000E+00
   130.000 -0.3223E+00  0.0000E+00  115.76  0.0000E+00
   131.000 -0.2936E+00  0.0000E+00  116.92  0.0000E+00
   132.000 -0.2643E+00  0.0000E+00  118.09  0.0000E+00
   133.000 -0.2344E+00  0.0000E+00  119.26  0.0000E+00
   134.000 -0.2039E+00  0.0000E+00  120.44  0.0000E+00
   135.000 -0.1728E+00  0.0000E+00  121.63  0.0000E+00
   136.000 -0.1411E+00  0.0000E+00  122.82  0.0000E+00
   137.000 -0.1090E+00  0.0000E+00  124.02  0.0000E+00
   138.000 -0.7632E-01  0.0000E+00  125.22  0.0000E+00
   139.000 -0.4320E-01  0.0000E+00  126.43  0.0000E+00
   140.000 -0.9656E-02  0.0000E+00  127.64  0.0000E+00
   141.000  0.2427E-01  0.0000E+00  128.86  0.0000E+00
   142.000  0.5854E-01  0.0000E+00  130.09  0.0000E+00
   143.000  0.9310E-01  0.0000E+00  131.32  0.0000E+00
   144.000  0.1279E+00  0.0000E+00  132.56  0.0000E+00
   145.000  0.1629E+00  0.0000E+00  133.80  0.0000E+00
   146.000  0.1981E+00  0.0000E+00  135.05  0.0000E+00
   147.000  0.2333E+00  0.0000E+00  136.31  0.0000E+00
   148.000  0.2686E+00  0.0000E+00  137.57  0.0000E+00
   149.000  0.3038E+00  0.0000E+00  138.83  0.0000E+00
   150.000  0.3390E+00  0.0000E+00  140.10  0.0000E+00
   151.000  0.3740E+00  0.0000E+00  141.38  0.0000E+00
   152.000  0.4087E+00  0.0000E+00  142.66  0.0000E+00
   153.000  0.4432E+00  0.0000E+00  143.94  0.0000E+00
   154.000  0.4772E+00  0.0000E+00  145.23  0.0000E+00
   155.000  0.5109E+00  0.0000E+00  146.53  0.0000E+00
   156.000  0.5440E+00  0.0000E+00  147.83  0.0000E+00
   157.000  0.5765E+00  0.0000E+00  149.13  0.0000E+00
   158.000  0.6083E+00  0.0000E+00  150.44  0.0000E+00
   159.000  0.6394E+00  0.0000E+00  151.76  0.0000E+00
   160.000  0.6697E+00  0.0000E+00  153.07  0.0000E+00
   161.000  0.6991E+00  0.0000E+00  154.39  0.0000E+00
   162.000  0.7275E+00  0.0000E+00  155.72  0.0000E+00
   163.000  0.7548E+00  0.0000E+00  157.05  0.0000E+00
   164.000  0.7810E+00  0.0000E+00  158.38  0.0000E+00
   165.000  0.8061E+00  0.0000E+00  159.71  0.0000E+00
   166.000  0.8299E+00  0.0000E+00  161.05  0.0000E+00
   167.000  0.8523E+00  0.0000E+00  162.39  0.0000E+00
   168.000  0.8734E+00  0.0000E+00  163.74  0.0000E+00
   169.000  0.8930E+00  0.0000E+00  165.08  0.0000E+00
   170.000  0.9111E+00  0.0000E+00  166.43  0.0000E+00
   171.000  0.9276E+00  0.0000E+00  167.78  0.0000E+00
   172.000  0.9426E+00  0.0000E+00  169.13  0.0000E+00
   173.000  0.9559E+00  0.0000E+00  170.49  0.0000E+00
   174.000  0.9675E+00  0.0000E+00  171.84  0.0000E+00
   175.000  0.9773E+00  0.0000E+00  173.20  0.0000E+00
   176.000  0.9855E+00  0.0000E+00  174.56  0.0000E+00
   177.000  0.9918E+00  0.0000E+00  175.92  0.0000E+00
   178.000  0.9964E+00  0.0000E+00  177.28  0.0000E+00
   179.000  0.9991E+00  0.0000E+00  178.64  0.0000E+00
   180.000  0.1000E+01  0.0000E+00  180.00  0.0000E+00
