     0.000  0.1000E+01  0.0000E+00    0.00  0.0000E+00
     1.000  0.9987E+00  0.0000E+00    0.76  0.0000E+00
     2.000  0.9947E+00  0.0000E+00    1.52  0.0000E+00
     3.000  0.9882E+00  0.0000E+00    2.28  0.0000E+00
     4.000  0.9791E+00  0.0000E+00    3.04  0.0000E+00
     5.000  0.9675E+00  0.0000E+00    3.80  0.0000E+00
     6.000  0.9535E+00  0.0000E+00    4.56  0.0000E+00
     7.000  0.9371E+00  0.0000E+00    5.33  0.0000E+00
     8.000  0.9186E+00  0.0000E+00    6.09  0.0000E+00
     9.000  0.8979E+00  0.0000E+00    6.85  0.0000E+00
    10.000  0.8752E+00  0.0000E+00    7.61  0.0000E+00
    11.000  0.8506E+00  0.0000E+00    8.37  0.0000E+00
    12.000  0.8243E+00  0.0000E+00    9.14  0.0000E+00
    13.000  0.7964E+00  0.0000E+00    9.90  0.0000E+00
    14.000  0.7670E+00  0.0000E+00   10.67  0.0000E+00
    15.000  0.7363E+00  0.0000E+00   11.43  0.0000E+00
    16.000  0.7044E+00  0.0000E+00   12.20  0.0000E+00
    17.000  0.6715E+00  0.0000E+00   12.96  0.0000E+00
    18.000  0.6377E+00  0.0000E+00   13.73  0.0000E+00
    19.000  0.6032E+00  0.0000E+00   14.50  0.0000E+00
    20.000  0.5680E+00  0.0000E+00   15.27  0.0000E+00
    21.000  0.5322E+00  0.0000E+00   16.04  0.0000E+00
    22.000  0.4961E+00  0.0000E+00   16.81  0.0000E+00
    23.000  0.4597E+00  0.0000E+00   17.58  0.0000E+00
    24.000  0.4230E+00  0.0000E+00   18.35  0.0000E+00
    25.000  0.3863E+00  0.0000E+00   19.12  0.0000E+00
    26.000  0.3496E+00  0.0000E+00   19.90  0.0000E+00
    27.000  0.3129E+00  0.0000E+00   20.67  0.0000E+00
    28.000  0.2764E+00  0.0000E+00   21.45  0.0000E+00
    29.000  0.2400E+00  0.0000E+00   22.23  0.0000E+00
    30.000  0.2040E+00  0.0000E+00   23.00  0.0000E+00
    31.000  0.1682E+00  0.0000E+00   23.78  0.0000E+00
    32.000  0.1329E+00  0.0000E+00   24.57  0.0000E+00
    33.000  0.9790E-01  0.0000E+00   25.35  0.0000E+00
    34.000  0.6340E-01  0.0000E+00   26.13  0.0000E+00
    35.000  0.2938E-01  0.0000E+00   26.92  0.0000E+00
    36.000 -0.4122E-02  0.0000E+00   27.71  0.0000E+00
    37.000 -0.3708E-01  0.0000E+00   28.49  0.0000E+00
    38.000 -0.6949E-01  0.0000E+00   29.29  0.0000E+00
    39.000 -0.1013E+00  0.0000E+00   30.08  0.0000E+00
    40.000 -0.1325E+00  0.0000E+00   30.87  0.0000E+00
    41.000 -0.1631E+00  0.0000E+00   31.67  0.0000E+00
    42.000 -0.1931E+00  0.0000E+00   32.46  0.0000E+00
    43.000 -0.2225E+00  0.0000E+00   33.26  0.0000E+00
    44.000 -0.2512E+00  0.0000E+00   34.06  0.0000E+00
    45.000 -0.2793E+00  0.0000E+00   34.87  0.0000E+00
    46.000 -0.3068E+00  0.0000E+00   35.67  0.0000E+00
    47.000 -0.3336E+00  0.0000E+00   36.48  0.0000E+00
    48.000 -0.3597E+00  0.0000E+00   37.29  0.0000E+00
    49.000 -0.3852E+00  0.0000E+00   38.10  0.0000E+00
    50.000 -0.4101E+00  0.0000E+00   38.91  0.0000E+00
    51.000 -0.4342E+00  0.0000E+00   39.73  0.0000E+00
    52.000 -0.4578E+00  0.0000E+00   40.54  0.0000E+00
    53.000 -0.4807E+00  0.0000E+00   41.36  0.0000E+00
    54.000 -0.5029E+00  0.0000E+00   42.19  0.0000E+00
    55.000 -0.5245E+00  0.0000E+00   43.01  0.0000E+00
    56.000 -0.5455E+00  0.0000E+00   43.84  0.0000E+00
    57.000 -0.5658E+00  0.0000E+00   44.67  0.0000E+00
    58.000 -0.5855E+00  0.0000E+00   45.50  0.0000E+00
    59.000 -0.6045E+00  0.0000E+00   46.34  0.0000E+00
    60.000 -0.6229E+00  0.0000E+00   47.17  0.0000E+00
    61.000 -0.6407E+00  0.0000E+00   48.01  0.0000E+00
    62.000 -0.6578E+00  0.0000E+00   48.86  0.0000E+00
    63.000 -0.6744E+00  0.0000E+00   49.70  0.0000E+00
    64.000 -0.6902E+00  0.0000E+00   50.55  0.0000E+00
    65.000 -0.7055E+00  0.0000E+00   51.40  0.0000E+00
    66.000 -0.7201E+00  0.0000E+00   52.26  0.0000E+00
    67.000 -0.7341E+00  0.0000E+00   53.11  0.0000E+00
    68.000 -0.7475E+00  0.0000E+00   53.97  0.0000E+00
    69.000 -0.7603E+00  0.0000E+00   54.84  0.0000E+00
    70.000 -0.7725E+00  0.0000E+00   55.71  0.0000E+00
    71.000 -0.7840E+00  0.0000E+00   56.58  0.0000E+00
    72.000 -0.7949E+00  0.0000E+00   57.45  0.0000E+00
    73.000 -0.8053E+00  0.0000E+00   58.33  0.0000E+00
    74.000 -0.8150E+00  0.0000E+00   59.21  0.0000E+00
    75.000 -0.8240E+00  0.0000E+00   60.09  0.0000E+00
    76.000 -0.8325E+00  0.0000E+00   60.98  0.0000E+00
    77.000 -0.8404E+00  0.0000E+00   61.87  0.0000E+00
    78.000 -0.8477E+00  0.0000E+00   62.76  0.0000E+00
    79.000 -0.8543E+00  0.0000E+00   63.66  0.0000E+00
    80.000 -0.8604E+00  0.0000E+00   64.56  0.0000E+00
    81.000 -0.8658E+00  0.0000E+00   65.47  0.0000E+00
    82.000 -0.8706E+00  0.0000E+00   66.38  0.0000E+00
    83.000 -0.8749E+00  0.0000E+00   67.29  0.0000E+00
    84.000 -0.8785E+00  0.0000E+00   68.21  0.0000E+00
    85.000 -0.8815E+00  0.0000E+00   69.13  0.0000E+00
    86.000 -0.8839E+00  0.0000E+00   70.06  0.0000E+00
    87.000 -0.8857E+00  0.0000E+00   70.99  0.0000E+00
    88.000 -0.8869E+00  0.0000E+00   71.92  0.0000E+00
    89.000 -0.8875E+00  0.0000E+00   72.86  0.0000E+00
    90.000 -0.8875E+00  0.0000E+00   73.80  0.0000E+00
    91.000 -0.8869E+00  0.0000E+00   74.75  0.0000E+00
    92.000 -0.8857E+00  0.0000E+00   75.70  0.0000E+00
    93.000 -0.8838E+00  0.0000E+00   76.65  0.0000E+00
    94.000 -0.8814E+00  0.0000E+00   77.62  0.0000E+00
    95.000 -0.8783E+00  0.0000E+00   78.58  0.0000E+00
    96.000 -0.8746E+00  0.0000E+00   79.55  0.0000E+00
    97.000 -0.8703E+00  0.0000E+00   80.52  0.0000E+00
    98.000 -0.8654E+00  0.0000E+00   81.50  0.0000E+00
    99.000 -0.8598E+00  0.0000E+00   82.49  0.0000E+00
   100.000 -0.8536E+00  0.0000E+00   83.48  0.0000E+00
   101.000 -0.8468E+00  0.0000E+00   84.47  0.0000E+00
   102.000 -0.8394E+00  0.0000E+00   85.47  0.0000E+00
   103.000 -0.8313E+00  0.0000E+00   86.47  0.0000E+00
   104.000 -0.8226E+00  0.0000E+00   87.48  0.0000E+00
   105.000 -0.8132E+00  0.0000E+00   88.50  0.0000E+00
   106.000 -0.8031E+00  0.0000E+00   89.51  0.0000E+00
   107.000 -0.7925E+00  0.0000E+00   90.54  0.0000E+00
   108.000 -0.7811E+00  0.0000E+00   91.57  0.0000E+00
   109.000 -0.7691E+00  0.0000E+00   92.60  0.0000E+00
   110.000 -0.7564E+00  0.0000E+00   93.64  0.0000E+00
   111.000 -0.7430E+00  0.0000E+00   94.69  0.0000E+00
   112.000 -0.7289E+00  0.0000E+00   95.74  0.0000E+00
   113.000 -0.7142E+00  0.0000E+00   96.80  0.0000E+00
   114.000 -0.6987E+00  0.0000E+00   97.86  0.0000E+00
   115.000 -0.6826E+00  0.0000E+00   98.93  0.0000E+00
   116.000 -0.6657E+00  0.0000E+00  100.00  0.0000E+00
   117.000 -0.6482E+00  0.0000E+00  101.08  0.0000E+00
   118.000 -0.6299E+00  0.0000E+00  102.17  0.0000E+00
   119.000 -0.6109E+00  0.0000E+00  103.26  0.0000E+00
   120.000 -0.5911E+00  0.0000E+00  104.36  0.0000E+00
   121.000 -0.5707E+00  0.0000E+00  105.46  0.0000E+00
   122.000 -0.5495E+00  0.0000E+00  106.57  0.0000E+00
   123.000 -0.5275E+00  0.0000E+00  107.69  0.0000E+00
   124.000 -0.5049E+00  0.0000E+00  108.81  0.0000E+00
   125.000 -0.4815E+00  0.0000E+00  109.93  0.0000E+00
   126.000 -0.4573E+00  0.0000E+00  111.07  0.0000E+00
   127.000 -0.4324E+00  0.0000E+00  112.20  0.0000E+00
   128.000 -0.4069E+00  0.0000E+00  113.35  0.0000E+00
   129.000 -0.3805E+00  0.0000E+00  114.50  0.0000E+00
   130.000 -0.3535E+00  0.0000E+00  115.66  0.0000E+00
   131.000 -0.3258E+00  0.0000E+00  116.82  0.0000E+00
   132.000 -0.2974E+00  0.0000E+00  117.99  0.0000E+00
   133.000 -0.2682E+00  0.0000E+00  119.16  0.0000E+00
   134.000 -0.2385E+00  0.0000E+00  120.34  0.0000E+00
   135.000 -0.2081E+00  0.0000E+00  121.53  0.0000E+00
   136.000 -0.1770E+00  0.0000E+00  122.72  0.0000E+00
   137.000 -0.1454E+00  0.0000E+00  123.92  0.0000E+00
   138.000 -0.1131E+00  0.0000E+00  125.13  0.0000E+00
   139.000 -0.8036E-01  0.0000E+00  126.34  0.0000E+00
   140.000 -0.4707E-01  0.0000E+00  127.56  0.0000E+00
   141.000 -0.1331E-01  0.0000E+00  128.78  0.0000E+00
   142.000  0.2090E-01  0.0000E+00  130.01  0.0000E+00
   143.000  0.5550E-01  0.0000E+00  131.24  0.0000E+00
   144.000  0.9046E-01  0.0000E+00  132.48  0.0000E+00
   145.000  0.1257E+00  0.0000E+00  133.73  0.0000E+00
   146.000  0.1612E+00  0.0000E+00  134.98  0.0000E+00
   147.000  0.1969E+00  0.0000E+00  136.23  0.0000E+00
   148.000  0.2328E+00  0.0000E+00  137.50  0.0000E+00
   149.000  0.2687E+00  0.0000E+00  138.76  0.0000E+00
   150.000  0.3046E+00  0.0000E+00  140.04  0.0000E+00
   151.000  0.3405E+00  0.0000E+00  141.31  0.0000E+00
   152.000  0.3762E+00  0.0000E+00  142.60  0.0000E+00
   153.000  0.4117E+00  0.0000E+00  143.88  0.0000E+00
   154.000  0.4470E+00  0.0000E+00  145.18  0.0000E+00
   155.000  0.4818E+00  0.0000E+00  146.48  0.0000E+00
   156.000  0.5163E+00  0.0000E+00  147.78  0.0000E+00
   157.000  0.5502E+00  0.0000E+00  149.08  0.0000E+00
   158.000  0.5835E+00  0.0000E+00  150.39  0.0000E+00
   159.000  0.6161E+00  0.0000E+00  151.71  0.0000E+00
   160.000  0.6479E+00  0.0000E+00  153.03  0.0000E+00
   161.000  0.6788E+00  0.0000E+00  154.35  0.0000E+00
   162.000  0.7088E+00  0.0000E+00  155.68  0.0000E+00
   163.000  0.7377E+00  0.0000E+00  157.01  0.0000E+00
   164.000  0.7655E+00  0.0000E+00  158.34  0.0000E+00
   165.000  0.7921E+00  0.0000E+00  159.68  0.0000E+00
   166.000  0.8174E+00  0.0000E+00  161.02  0.0000E+00
   167.000  0.8414E+00  0.0000E+00  162.36  0.0000E+00
   168.000  0.8639E+00  0.0000E+00  163.71  0.0000E+00
   169.000  0.8849E+00  0.0000E+00  165.06  0.0000E+00
   170.000  0.9043E+00  0.0000E+00  166.41  0.0000E+00
   171.000  0.9220E+00  0.0000E+00  167.76  0.0000E+00
   172.000  0.9381E+00  0.0000E+00  169.12  0.0000E+00
   173.000  0.9524E+00  0.0000E+00  170.47  0.0000E+00
   174.000  0.9649E+00  0.0000E+00  171.83  0.0000E+00
   175.000  0.9755E+00  0.0000E+00  173.19  0.0000E+00
   176.000  0.9843E+00  0.0000E+00  174.55  0.0000E+00
   177.000  0.9912E+00  0.0000E+00  175.91  0.0000E+00
   178.000  0.9961E+00  0.0000E+00  177.27  0.0000E+00
   179.000  0.9990E+00  0.0000E+00  178.64  0.0000E+00
   180.000  0.1000E+01  0.0000E+00  180.00  0.0000E+00
