     0.000  0.0000E+00  0.0000E+00    0.00  0.0000E+00
     1.000 -0.4897E-01  0.0000E+00    0.77  0.0000E+00
     2.000 -0.9778E-01  0.0000E+00    1.53  0.0000E+00
     3.000 -0.1463E+00  0.0000E+00    2.30  0.0000E+00
     4.000 -0.1943E+00  0.0000E+00    3.07  0.0000E+00
     5.000 -0.2416E+00  0.0000E+00    3.83  0.0000E+00
     6.000 -0.2882E+00  0.0000E+00    4.60  0.0000E+00
     7.000 -0.3339E+00  0.0000E+00    5.37  0.0000E+00
     8.000 -0.3785E+00  0.0000E+00    6.13  0.0000E+00
     9.000 -0.4219E+00  0.0000E+00    6.90  0.0000E+00
    10.000 -0.4641E+00  0.0000E+00    7.67  0.0000E+00
    11.000 -0.5048E+00  0.0000E+00    8.44  0.0000E+00
    12.000 -0.5441E+00  0.0000E+00    9.21  0.0000E+00
    13.000 -0.5818E+00  0.0000E+00    9.98  0.0000E+00
    14.000 -0.6179E+00  0.0000E+00   10.75  0.0000E+00
    15.000 -0.6523E+00  0.0000E+00   11.52  0.0000E+00
    16.000 -0.6849E+00  0.0000E+00   12.29  0.0000E+00
    17.000 -0.7158E+00  0.0000E+00   13.06  0.0000E+00
    18.000 -0.7449E+00  0.0000E+00   13.83  0.0000E+00
    19.000 -0.7722E+00  0.0000E+00   14.61  0.0000E+00
    20.000 -0.7977E+00  0.0000E+00   15.38  0.0000E+00
    21.000 -0.8214E+00  0.0000E+00   16.16  0.0000E+00
    22.000 -0.8432E+00  0.0000E+00   16.93  0.0000E+00
    23.000 -0.8633E+00  0.0000E+00   17.71  0.0000E+00
    24.000 -0.8816E+00  0.0000E+00   18.49  0.0000E+00
    25.000 -0.8982E+00  0.0000E+00   19.26  0.0000E+00
    26.000 -0.9130E+00  0.0000E+00   20.04  0.0000E+00
    27.000 -0.9262E+00  0.0000E+00   20.82  0.0000E+00
    28.000 -0.9378E+00  0.0000E+00   21.61  0.0000E+00
    29.000 -0.9477E+00  0.0000E+00   22.39  0.0000E+00
    30.000 -0.9562E+00  0.0000E+00   23.17  0.0000E+00
    31.000 -0.9631E+00  0.0000E+00   23.96  0.0000E+00
    32.000 -0.9685E+00  0.0000E+00   24.74  0.0000E+00
    33.000 -0.9726E+00  0.0000E+00   25.53  0.0000E+00
    34.000 -0.9753E+00  0.0000E+00   26.32  0.0000E+00
    35.000 -0.9767E+00  0.0000E+00   27.11  0.0000E+00
    36.000 -0.9768E+00  0.0000E+00   27.90  0.0000E+00
    37.000 -0.9757E+00  0.0000E+00   28.70  0.0000E+00
    38.000 -0.9734E+00  0.0000E+00   29.49  0.0000E+00
    39.000 -0.9700E+00  0.0000E+00   30.29  0.0000E+00
    40.000 -0.9654E+00  0.0000E+00   31.09  0.0000E+00
    41.000 -0.9599E+00  0.0000E+00   31.89  0.0000E+00
    42.000 -0.9533E+00  0.0000E+00   32.69  0.0000E+00
    43.000 -0.9458E+00  0.0000E+00   33.49  0.0000E+00
    44.000 -0.9373E+00  0.0000E+00   34.30  0.0000E+00
    45.000 -0.9280E+00  0.0000E+00   35.10  0.0000E+00
    46.000 -0.9177E+00  0.0000E+00   35.91  0.0000E+00
    47.000 -0.9067E+00  0.0000E+00   36.72  0.0000E+00
    48.000 -0.8949E+00  0.0000E+00   37.53  0.0000E+00
    49.000 -0.8823E+00  0.0000E+00   38.35  0.0000E+00
    50.000 -0.8690E+00  0.0000E+00   39.16  0.0000E+00
    51.000 -0.8549E+00  0.0000E+00   39.98  0.0000E+00
    52.000 -0.8403E+00  0.0000E+00   40.80  0.0000E+00
    53.000 -0.8249E+00  0.0000E+00   41.63  0.0000E+00
    54.000 -0.8090E+00  0.0000E+00   42.45  0.0000E+00
    55.000 -0.7924E+00  0.0000E+00   43.28  0.0000E+00
    56.000 -0.7753E+00  0.0000E+00   44.11  0.0000E+00
    57.000 -0.7576E+00  0.0000E+00   44.94  0.0000E+00
    58.000 -0.7394E+00  0.0000E+00   45.78  0.0000E+00
    59.000 -0.7207E+00  0.0000E+00   46.62  0.0000E+00
    60.000 -0.7015E+00  0.0000E+00   47.46  0.0000E+00
    61.000 -0.6818E+00  0.0000E+00   48.30  0.0000E+00
    62.000 -0.6617E+00  0.0000E+00   49.14  0.0000E+00
    63.000 -0.6412E+00  0.0000E+00   49.99  0.0000E+00
    64.000 -0.6202E+00  0.0000E+00   50.84  0.0000E+00
    65.000 -0.5989E+00  0.0000E+00   51.70  0.0000E+00
    66.000 -0.5772E+00  0.0000E+00   52.55  0.0000E+00
    67.000 -0.5551E+00  0.0000E+00   53.41  0.0000E+00
    68.000 -0.5327E+00  0.0000E+00   54.27  0.0000E+00
    69.000 -0.5100E+00  0.0000E+00   55.14  0.0000E+00
    70.000 -0.4870E+00  0.0000E+00   56.01  0.0000E+00
    71.000 -0.4637E+00  0.0000E+00   56.88  0.0000E+00
    72.000 -0.4401E+00  0.0000E+00   57.75  0.0000E+00
    73.000 -0.4162E+00  0.0000E+00   58.63  0.0000E+00
    74.000 -0.3922E+00  0.0000E+00   59.51  0.0000E+00
    75.000 -0.3679E+00  0.0000E+00   60.40  0.0000E+00
    76.000 -0.3434E+00  0.0000E+00   61.28  0.0000E+00
    77.000 -0.3186E+00  0.0000E+00   62.18  0.0000E+00
    78.000 -0.2938E+00  0.0000E+00   63.07  0.0000E+00
    79.000 -0.2687E+00  0.0000E+00   63.97  0.0000E+00
    80.000 -0.2435E+00  0.0000E+00   64.87  0.0000E+00
    81.000 -0.2182E+00  0.0000E+00   65.78  0.0000E+00
    82.000 -0.1927E+00  0.0000E+00   66.69  0.0000E+00
    83.000 -0.1672E+00  0.0000E+00   67.60  0.0000E+00
    84.000 -0.1416E+00  0.0000E+00   68.52  0.0000E+00
    85.000 -0.1158E+00  0.0000E+00   69.44  0.0000E+00
    86.000 -0.9006E-01  0.0000E+00   70.36  0.0000E+00
    87.000 -0.6423E-01  0.0000E+00   71.29  0.0000E+00
    88.000 -0.3838E-01  0.0000E+00   72.22  0.0000E+00
    89.000 -0.1251E-01  0.0000E+00   73.16  0.0000E+00
    90.000  0.1336E-01  0.0000E+00   74.10  0.0000E+00
    91.000  0.3922E-01  0.0000E+00   75.05  0.0000E+00
    92.000  0.6505E-01  0.0000E+00   76.00  0.0000E+00
    93.000  0.9083E-01  0.0000E+00   76.95  0.0000E+00
    94.000  0.1166E+00  0.0000E+00   77.91  0.0000E+00
    95.000  0.1422E+00  0.0000E+00   78.87  0.0000E+00
    96.000  0.1678E+00  0.0000E+00   79.84  0.0000E+00
    97.000  0.1933E+00  0.0000E+00   80.81  0.0000E+00
    98.000  0.2186E+00  0.0000E+00   81.79  0.0000E+00
    99.000  0.2438E+00  0.0000E+00   82.77  0.0000E+00
   100.000  0.2689E+00  0.0000E+00   83.76  0.0000E+00
   101.000  0.2938E+00  0.0000E+00   84.75  0.0000E+00
   102.000  0.3185E+00  0.0000E+00   85.75  0.0000E+00
   103.000  0.3430E+00  0.0000E+00   86.75  0.0000E+00
   104.000  0.3673E+00  0.0000E+00   87.75  0.0000E+00
   105.000  0.3913E+00  0.0000E+00   88.76  0.0000E+00
   106.000  0.4152E+00  0.0000E+00   89.78  0.0000E+00
   107.000  0.4387E+00  0.0000E+00   90.80  0.0000E+00
   108.000  0.4619E+00  0.0000E+00   91.83  0.0000E+00
   109.000  0.4848E+00  0.0000E+00   92.86  0.0000E+00
   110.000  0.5074E+00  0.0000E+00   93.90  0.0000E+00
   111.000  0.5297E+00  0.0000E+00   94.94  0.0000E+00
   112.000  0.5515E+00  0.0000E+00   95.99  0.0000E+00
   113.000  0.5730E+00  0.0000E+00   97.04  0.0000E+00
   114.000  0.5941E+00  0.0000E+00   98.10  0.0000E+00
   115.000  0.6147E+00  0.0000E+00   99.17  0.0000E+00
   116.000  0.6348E+00  0.0000E+00  100.24  0.0000E+00
   117.000  0.6545E+00  0.0000E+00  101.31  0.0000E+00
   118.000  0.6736E+00  0.0000E+00  102.39  0.0000E+00
   119.000  0.6922E+00  0.0000E+00  103.48  0.0000E+00
   120.000  0.7102E+00  0.0000E+00  104.57  0.0000E+00
   121.000  0.7277E+00  0.0000E+00  105.67  0.0000E+00
   122.000  0.7445E+00  0.0000E+00  106.78  0.0000E+00
   123.000  0.7606E+00  0.0000E+00  107.89  0.0000E+00
   124.000  0.7761E+00  0.0000E+00  109.00  0.0000E+00
   125.000  0.7909E+00  0.0000E+00  110.13  0.0000E+00
   126.000  0.8049E+00  0.0000E+00  111.26  0.0000E+00
   127.000  0.8182E+00  0.0000E+00  112.39  0.0000E+00
   128.000  0.8307E+00  0.0000E+00  113.53  0.0000E+00
   129.000  0.8423E+00  0.0000E+00  114.68  0.0000E+00
   130.000  0.8531E+00  0.0000E+00  115.83  0.0000E+00
   131.000  0.8630E+00  0.0000E+00  116.99  0.0000E+00
   132.000  0.8720E+00  0.0000E+00  118.15  0.0000E+00
   133.000  0.8800E+00  0.0000E+00  119.32  0.0000E+00
   134.000  0.8870E+00  0.0000E+00  120.50  0.0000E+00
   135.000  0.8931E+00  0.0000E+00  121.68  0.0000E+00
   136.000  0.8981E+00  0.0000E+00  122.87  0.0000E+00
   137.000  0.9021E+00  0.0000E+00  124.06  0.0000E+00
   138.000  0.9049E+00  0.0000E+00  125.26  0.0000E+00
   139.000  0.9067E+00  0.0000E+00  126.47  0.0000E+00
   140.000  0.9073E+00  0.0000E+00  127.68  0.0000E+00
   141.000  0.9067E+00  0.0000E+00  128.90  0.0000E+00
   142.000  0.9050E+00  0.0000E+00  130.13  0.0000E+00
   143.000  0.9020E+00  0.0000E+00  131.36  0.0000E+00
   144.000  0.8979E+00  0.0000E+00  132.59  0.0000E+00
   145.000  0.8925E+00  0.0000E+00  133.83  0.0000E+00
   146.000  0.8858E+00  0.0000E+00  135.08  0.0000E+00
   147.000  0.8779E+00  0.0000E+00  136.33  0.0000E+00
   148.000  0.8687E+00  0.0000E+00  137.59  0.0000E+00
   149.000  0.8582E+00  0.0000E+00  138.85  0.0000E+00
   150.000  0.8464E+00  0.0000E+00  140.12  0.0000E+00
   151.000  0.8334E+00  0.0000E+00  141.40  0.0000E+00
   152.000  0.8190E+00  0.0000E+00  142.68  0.0000E+00
   153.000  0.8034E+00  0.0000E+00  143.96  0.0000E+00
   154.000  0.7865E+00  0.0000E+00  145.25  0.0000E+00
   155.000  0.7684E+00  0.0000E+00  146.54  0.0000E+00
   156.000  0.7490E+00  0.0000E+00  147.84  0.0000E+00
   157.000  0.7284E+00  0.0000E+00  149.15  0.0000E+00
   158.000  0.7065E+00  0.0000E+00  150.45  0.0000E+00
   159.000  0.6835E+00  0.0000E+00  151.77  0.0000E+00
   160.000  0.6593E+00  0.0000E+00  153.08  0.0000E+00
   161.000  0.6340E+00  0.0000E+00  154.40  0.0000E+00
   162.000  0.6076E+00  0.0000E+00  155.73  0.0000E+00
   163.000  0.5801E+00  0.0000E+00  157.05  0.0000E+00
   164.000  0.5517E+00  0.0000E+00  158.38  0.0000E+00
   165.000  0.5222E+00  0.0000E+00  159.72  0.0000E+00
   166.000  0.4918E+00  0.0000E+00  161.06  0.0000E+00
   167.000  0.4605E+00  0.0000E+00  162.40  0.0000E+00
   168.000  0.4284E+00  0.0000E+00  163.74  0.0000E+00
   169.000  0.3956E+00  0.0000E+00  165.09  0.0000E+00
   170.000  0.3620E+00  0.0000E+00  166.43  0.0000E+00
   171.000  0.3277E+00  0.0000E+00  167.78  0.0000E+00
   172.000  0.2929E+00  0.0000E+00  169.14  0.0000E+00
   173.000  0.2575E+00  0.0000E+00  170.49  0.0000E+00
   174.000  0.2216E+00  0.0000E+00  171.85  0.0000E+00
   175.000  0.1853E+00  0.0000E+00  173.20  0.0000E+00
   176.000  0.1487E+00  0.0000E+00  174.56  0.0000E+00
   177.000  0.1117E+00  0.0000E+00  175.92  0.0000E+00
   178.000  0.7462E-01  0.0000E+00  177.28  0.0000E+00
   179.000  0.3736E-01  0.0000E+00  178.64  0.0000E+00
   180.000  0.2327E-04  0.0000E+00  180.00  0.0000E+00
