     0.000  0.0000E+00  0.0000E+00    0.00  0.0000E+00
     1.000 -0.4987E-01  0.0000E+00    0.76  0.0000E+00
     2.000 -0.9957E-01  0.0000E+00    1.53  0.0000E+00
     3.000 -0.1489E+00  0.0000E+00    2.30  0.0000E+00
     4.000 -0.1978E+00  0.0000E+00    3.06  0.0000E+00
     5.000 -0.2459E+00  0.0000E+00    3.83  0.0000E+00
     6.000 -0.2932E+00  0.0000E+00    4.59  0.0000E+00
     7.000 -0.3396E+00  0.0000E+00    5.36  0.0000E+00
     8.000 -0.3848E+00  0.0000E+00    6.12  0.0000E+00
     9.000 -0.4288E+00  0.0000E+00    6.89  0.0000E+00
    10.000 -0.4714E+00  0.0000E+00    7.66  0.0000E+00
    11.000 -0.5125E+00  0.0000E+00    8.42  0.0000E+00
    12.000 -0.5521E+00  0.0000E+00    9.19  0.0000E+00
    13.000 -0.5900E+00  0.0000E+00    9.96  0.0000E+00
    14.000 -0.6262E+00  0.0000E+00   10.73  0.0000E+00
    15.000 -0.6606E+00  0.0000E+00   11.50  0.0000E+00
    16.000 -0.6932E+00  0.0000E+00   12.27  0.0000E+00
    17.000 -0.7240E+00  0.0000E+00   13.04  0.0000E+00
    18.000 -0.7529E+00  0.0000E+00   13.81  0.0000E+00
    19.000 -0.7799E+00  0.0000E+00   14.58  0.0000E+00
    20.000 -0.8051E+00  0.0000E+00   15.35  0.0000E+00
    21.000 -0.8283E+00  0.0000E+00   16.13  0.0000E+00
    22.000 -0.8498E+00  0.0000E+00   16.90  0.0000E+00
    23.000 -0.8694E+00  0.0000E+00   17.68  0.0000E+00
    24.000 -0.8871E+00  0.0000E+00   18.45  0.0000E+00
    25.000 -0.9031E+00  0.0000E+00   19.23  0.0000E+00
    26.000 -0.9174E+00  0.0000E+00   20.01  0.0000E+00
    27.000 -0.9300E+00  0.0000E+00   20.79  0.0000E+00
    28.000 -0.9409E+00  0.0000E+00   21.57  0.0000E+00
    29.000 -0.9503E+00  0.0000E+00   22.35  0.0000E+00
    30.000 -0.9581E+00  0.0000E+00   23.13  0.0000E+00
    31.000 -0.9643E+00  0.0000E+00   23.92  0.0000E+00
    32.000 -0.9692E+00  0.0000E+00   24.70  0.0000E+00
    33.000 -0.9726E+00  0.0000E+00   25.49  0.0000E+00
    34.000 -0.9747E+00  0.0000E+00   26.28  0.0000E+00
    35.000 -0.9755E+00  0.0000E+00   27.07  0.0000E+00
    36.000 -0.9750E+00  0.0000E+00   27.86  0.0000E+00
    37.000 -0.9734E+00  0.0000E+00   28.65  0.0000E+00
    38.000 -0.9706E+00  0.0000E+00   29.44  0.0000E+00
    39.000 -0.9667E+00  0.0000E+00   30.24  0.0000E+00
    40.000 -0.9617E+00  0.0000E+00   31.04  0.0000E+00
    41.000 -0.9557E+00  0.0000E+00   31.83  0.0000E+00
    42.000 -0.9488E+00  0.0000E+00   32.63  0.0000E+00
    43.000 -0.9409E+00  0.0000E+00   33.44  0.0000E+00
    44.000 -0.9321E+00  0.0000E+00   34.24  0.0000E+00
    45.000 -0.9225E+00  0.0000E+00   35.05  0.0000E+00
    46.000 -0.9121E+00  0.0000E+00   35.86  0.0000E+00
    47.000 -0.9008E+00  0.0000E+00   36.67  0.0000E+00
    48.000 -0.8888E+00  0.0000E+00   37.48  0.0000E+00
    49.000 -0.8761E+00  0.0000E+00   38.29  0.0000E+00
    50.000 -0.8627E+00  0.0000E+00   39.11  0.0000E+00
    51.000 -0.8487E+00  0.0000E+00   39.93  0.0000E+00
    52.000 -0.8340E+00  0.0000E+00   40.75  0.0000E+00
    53.000 -0.8187E+00  0.0000E+00   41.57  0.0000E+00
    54.000 -0.8028E+00  0.0000E+00   42.39  0.0000E+00
    55.000 -0.7864E+00  0.0000E+00   43.22  0.0000E+00
    56.000 -0.7694E+00  0.0000E+00   44.05  0.0000E+00
    57.000 -0.7519E+00  0.0000E+00   44.88  0.0000E+00
    58.000 -0.7339E+00  0.0000E+00   45.72  0.0000E+00
    59.000 -0.7155E+00  0.0000E+00   46.55  0.0000E+00
    60.000 -0.6965E+00  0.0000E+00   47.39  0.0000E+00
    61.000 -0.6772E+00  0.0000E+00   48.24  0.0000E+00
    62.000 -0.6575E+00  0.0000E+00   49.08  0.0000E+00
    63.000 -0.6373E+00  0.0000E+00   49.93  0.0000E+00
    64.000 -0.6168E+00  0.0000E+00   50.78  0.0000E+00
    65.000 -0.5959E+00  0.0000E+00   51.63  0.0000E+00
    66.000 -0.5747E+00  0.0000E+00   52.49  0.0000E+00
    67.000 -0.5531E+00  0.0000E+00   53.35  0.0000E+00
    68.000 -0.5312E+00  0.0000E+00   54.21  0.0000E+00
    69.000 -0.5091E+00  0.0000E+00   55.08  0.0000E+00
    70.000 -0.4866E+00  0.0000E+00   55.94  0.0000E+00
    71.000 -0.4639E+00  0.0000E+00   56.82  0.0000E+00
    72.000 -0.4409E+00  0.0000E+00   57.69  0.0000E+00
    73.000 -0.4177E+00  0.0000E+00   58.57  0.0000E+00
    74.000 -0.3943E+00  0.0000E+00   59.45  0.0000E+00
    75.000 -0.3707E+00  0.0000E+00   60.33  0.0000E+00
    76.000 -0.3469E+00  0.0000E+00   61.22  0.0000E+00
    77.000 -0.3229E+00  0.0000E+00   62.11  0.0000E+00
    78.000 -0.2987E+00  0.0000E+00   63.01  0.0000E+00
    79.000 -0.2744E+00  0.0000E+00   63.91  0.0000E+00
    80.000 -0.2499E+00  0.0000E+00   64.81  0.0000E+00
    81.000 -0.2253E+00  0.0000E+00   65.72  0.0000E+00
    82.000 -0.2006E+00  0.0000E+00   66.63  0.0000E+00
    83.000 -0.1758E+00  0.0000E+00   67.54  0.0000E+00
    84.000 -0.1509E+00  0.0000E+00   68.46  0.0000E+00
    85.000 -0.1260E+00  0.0000E+00   69.38  0.0000E+00
    86.000 -0.1010E+00  0.0000E+00   70.30  0.0000E+00
    87.000 -0.7589E-01  0.0000E+00   71.23  0.0000E+00
    88.000 -0.5079E-01  0.0000E+00   72.17  0.0000E+00
    89.000 -0.2567E-01  0.0000E+00   73.11  0.0000E+00
    90.000 -0.5407E-03  0.0000E+00   74.05  0.0000E+00
    91.000  0.2458E-01  0.0000E+00   74.99  0.0000E+00
    92.000  0.4969E-01  0.0000E+00   75.95  0.0000E+00
    93.000  0.7477E-01  0.0000E+00   76.90  0.0000E+00
    94.000  0.9981E-01  0.0000E+00   77.86  0.0000E+00
    95.000  0.1248E+00  0.0000E+00   78.82  0.0000E+00
    96.000  0.1497E+00  0.0000E+00   79.79  0.0000E+00
    97.000  0.1745E+00  0.0000E+00   80.77  0.0000E+00
    98.000  0.1993E+00  0.0000E+00   81.74  0.0000E+00
    99.000  0.2239E+00  0.0000E+00   82.73  0.0000E+00
   100.000  0.2484E+00  0.0000E+00   83.71  0.0000E+00
   101.000  0.2727E+00  0.0000E+00   84.71  0.0000E+00
   102.000  0.2969E+00  0.0000E+00   85.70  0.0000E+00
   103.000  0.3210E+00  0.0000E+00   86.71  0.0000E+00
   104.000  0.3448E+00  0.0000E+00   87.71  0.0000E+00
   105.000  0.3685E+00  0.0000E+00   88.73  0.0000E+00
   106.000  0.3919E+00  0.0000E+00   89.74  0.0000E+00
   107.000  0.4151E+00  0.0000E+00   90.77  0.0000E+00
   108.000  0.4381E+00  0.0000E+00   91.79  0.0000E+00
   109.000  0.4608E+00  0.0000E+00   92.83  0.0000E+00
   110.000  0.4832E+00  0.0000E+00   93.87  0.0000E+00
   111.000  0.5053E+00  0.0000E+00   94.91  0.0000E+00
   112.000  0.5270E+00  0.0000E+00   95.96  0.0000E+00
   113.000  0.5484E+00  0.0000E+00   97.01  0.0000E+00
   114.000  0.5695E+00  0.0000E+00   98.07  0.0000E+00
   115.000  0.5902E+00  0.0000E+00   99.14  0.0000E+00
   116.000  0.6104E+00  0.0000E+00  100.21  0.0000E+00
   117.000  0.6302E+00  0.0000E+00  101.29  0.0000E+00
   118.000  0.6496E+00  0.0000E+00  102.37  0.0000E+00
   119.000  0.6685E+00  0.0000E+00  103.46  0.0000E+00
   120.000  0.6868E+00  0.0000E+00  104.56  0.0000E+00
   121.000  0.7047E+00  0.0000E+00  105.66  0.0000E+00
   122.000  0.7219E+00  0.0000E+00  106.76  0.0000E+00
   123.000  0.7386E+00  0.0000E+00  107.87  0.0000E+00
   124.000  0.7546E+00  0.0000E+00  108.99  0.0000E+00
   125.000  0.7700E+00  0.0000E+00  110.12  0.0000E+00
   126.000  0.7847E+00  0.0000E+00  111.25  0.0000E+00
   127.000  0.7987E+00  0.0000E+00  112.38  0.0000E+00
   128.000  0.8120E+00  0.0000E+00  113.52  0.0000E+00
   129.000  0.8245E+00  0.0000E+00  114.67  0.0000E+00
   130.000  0.8361E+00  0.0000E+00  115.82  0.0000E+00
   131.000  0.8470E+00  0.0000E+00  116.98  0.0000E+00
   132.000  0.8569E+00  0.0000E+00  118.15  0.0000E+00
   133.000  0.8660E+00  0.0000E+00  119.32  0.0000E+00
   134.000  0.8741E+00  0.0000E+00  120.50  0.0000E+00
   135.000  0.8812E+00  0.0000E+00  121.68  0.0000E+00
   136.000  0.8873E+00  0.0000E+00  122.87  0.0000E+00
   137.000  0.8924E+00  0.0000E+00  124.07  0.0000E+00
   138.000  0.8964E+00  0.0000E+00  125.27  0.0000E+00
   139.000  0.8994E+00  0.0000E+00  126.48  0.0000E+00
   140.000  0.9012E+00  0.0000E+00  127.69  0.0000E+00
   141.000  0.9018E+00  0.0000E+00  128.91  0.0000E+00
   142.000  0.9012E+00  0.0000E+00  130.13  0.0000E+00
   143.000  0.8995E+00  0.0000E+00  131.36  0.0000E+00
   144.000  0.8965E+00  0.0000E+00  132.60  0.0000E+00
   145.000  0.8922E+00  0.0000E+00  133.84  0.0000E+00
   146.000  0.8867E+00  0.0000E+00  135.09  0.0000E+00
   147.000  0.8799E+00  0.0000E+00  136.34  0.0000E+00
   148.000  0.8717E+00  0.0000E+00  137.60  0.0000E+00
   149.000  0.8623E+00  0.0000E+00  138.87  0.0000E+00
   150.000  0.8515E+00  0.0000E+00  140.13  0.0000E+00
   151.000  0.8394E+00  0.0000E+00  141.41  0.0000E+00
   152.000  0.8259E+00  0.0000E+00  142.69  0.0000E+00
   153.000  0.8111E+00  0.0000E+00  143.97  0.0000E+00
   154.000  0.7949E+00  0.0000E+00  145.26  0.0000E+00
   155.000  0.7774E+00  0.0000E+00  146.56  0.0000E+00
   156.000  0.7586E+00  0.0000E+00  147.85  0.0000E+00
   157.000  0.7385E+00  0.0000E+00  149.16  0.0000E+00
   158.000  0.7171E+00  0.0000E+00  150.47  0.0000E+00
   159.000  0.6944E+00  0.0000E+00  151.78  0.0000E+00
   160.000  0.6705E+00  0.0000E+00  153.09  0.0000E+00
   161.000  0.6453E+00  0.0000E+00  154.41  0.0000E+00
   162.000  0.6190E+00  0.0000E+00  155.74  0.0000E+00
   163.000  0.5915E+00  0.0000E+00  157.06  0.0000E+00
   164.000  0.5629E+00  0.0000E+00  158.39  0.0000E+00
   165.000  0.5333E+00  0.0000E+00  159.73  0.0000E+00
   166.000  0.5026E+00  0.0000E+00  161.07  0.0000E+00
   167.000  0.4709E+00  0.0000E+00  162.41  0.0000E+00
   168.000  0.4384E+00  0.0000E+00  163.75  0.0000E+00
   169.000  0.4050E+00  0.0000E+00  165.09  0.0000E+00
   170.000  0.3708E+00  0.0000E+00  166.44  0.0000E+00
   171.000  0.3359E+00  0.0000E+00  167.79  0.0000E+00
   172.000  0.3003E+00  0.0000E+00  169.14  0.0000E+00
   173.000  0.2641E+00  0.0000E+00  170.50  0.0000E+00
   174.000  0.2273E+00  0.0000E+00  171.85  0.0000E+00
   175.000  0.1902E+00  0.0000E+00  173.21  0.0000E+00
   176.000  0.1526E+00  0.0000E+00  174.56  0.0000E+00
   177.000  0.1147E+00  0.0000E+00  175.92  0.0000E+00
   178.000  0.7663E-01  0.0000E+00  177.28  0.0000E+00
   179.000  0.3837E-01  0.0000E+00  178.64  0.0000E+00
   180.000  0.2468E-04  0.0000E+00  180.00  0.0000E+00
