     0.000  0.0000E+00  0.0000E+00    0.00  0.0000E+00
     1.000 -0.5062E-01  0.0000E+00    0.76  0.0000E+00
     2.000 -0.1011E+00  0.0000E+00    1.53  0.0000E+00
     3.000 -0.1511E+00  0.0000E+00    2.29  0.0000E+00
     4.000 -0.2006E+00  0.0000E+00    3.05  0.0000E+00
     5.000 -0.2495E+00  0.0000E+00    3.82  0.0000E+00
     6.000 -0.2974E+00  0.0000E+00    4.58  0.0000E+00
     7.000 -0.3443E+00  0.0000E+00    5.34  0.0000E+00
     8.000 -0.3900E+00  0.0000E+00    6.11  0.0000E+00
     9.000 -0.4344E+00  0.0000E+00    6.87  0.0000E+00
    10.000 -0.4773E+00  0.0000E+00    7.64  0.0000E+00
    11.000 -0.5187E+00  0.0000E+00    8.40  0.0000E+00
    12.000 -0.5585E+00  0.0000E+00    9.17  0.0000E+00
    13.000 -0.5965E+00  0.0000E+00    9.93  0.0000E+00
    14.000 -0.6327E+00  0.0000E+00   10.70  0.0000E+00
    15.000 -0.6671E+00  0.0000E+00   11.47  0.0000E+00
    16.000 -0.6996E+00  0.0000E+00   12.24  0.0000E+00
    17.000 -0.7302E+00  0.0000E+00   13.00  0.0000E+00
    18.000 -0.7589E+00  0.0000E+00   13.77  0.0000E+00
    19.000 -0.7856E+00  0.0000E+00   14.54  0.0000E+00
    20.000 -0.8104E+00  0.0000E+00   15.31  0.0000E+00
    21.000 -0.8333E+00  0.0000E+00   16.09  0.0000E+00
    22.000 -0.8543E+00  0.0000E+00   16.86  0.0000E+00
    23.000 -0.8734E+00  0.0000E+00   17.63  0.0000E+00
    24.000 -0.8906E+00  0.0000E+00   18.41  0.0000E+00
    25.000 -0.9061E+00  0.0000E+00   19.18  0.0000E+00
    26.000 -0.9198E+00  0.0000E+00   19.96  0.0000E+00
    27.000 -0.9318E+00  0.0000E+00   20.74  0.0000E+00
    28.000 -0.9421E+00  0.0000E+00   21.51  0.0000E+00
    29.000 -0.9508E+00  0.0000E+00   22.29  0.0000E+00
    30.000 -0.9580E+00  0.0000E+00   23.07  0.0000E+00
    31.000 -0.9637E+00  0.0000E+00   23.86  0.0000E+00
    32.000 -0.9679E+00  0.0000E+00   24.64  0.0000E+00
    33.000 -0.9708E+00  0.0000E+00   25.43  0.0000E+00
    34.000 -0.9723E+00  0.0000E+00   26.21  0.0000E+00
    35.000 -0.9726E+00  0.0000E+00   27.00  0.0000E+00
    36.000 -0.9716E+00  0.0000E+00   27.79  0.0000E+00
    37.000 -0.9694E+00  0.0000E+00   28.58  0.0000E+00
    38.000 -0.9662E+00  0.0000E+00   29.37  0.0000E+00
    39.000 -0.9618E+00  0.0000E+00   30.17  0.0000E+00
    40.000 -0.9564E+00  0.0000E+00   30.96  0.0000E+00
    41.000 -0.9501E+00  0.0000E+00   31.76  0.0000E+00
    42.000 -0.9428E+00  0.0000E+00   32.56  0.0000E+00
    43.000 -0.9346E+00  0.0000E+00   33.36  0.0000E+00
    44.000 -0.9255E+00  0.0000E+00   34.16  0.0000E+00
    45.000 -0.9157E+00  0.0000E+00   34.97  0.0000E+00
    46.000 -0.9050E+00  0.0000E+00   35.77  0.0000E+00
    47.000 -0.8936E+00  0.0000E+00   36.58  0.0000E+00
    48.000 -0.8815E+00  0.0000E+00   37.39  0.0000E+00
    49.000 -0.8687E+00  0.0000E+00   38.20  0.0000E+00
    50.000 -0.8553E+00  0.0000E+00   39.02  0.0000E+00
    51.000 -0.8412E+00  0.0000E+00   39.84  0.0000E+00
    52.000 -0.8266E+00  0.0000E+00   40.66  0.0000E+00
    53.000 -0.8114E+00  0.0000E+00   41.48  0.0000E+00
    54.000 -0.7956E+00  0.0000E+00   42.30  0.0000E+00
    55.000 -0.7793E+00  0.0000E+00   43.13  0.0000E+00
    56.000 -0.7625E+00  0.0000E+00   43.96  0.0000E+00
    57.000 -0.7452E+00  0.0000E+00   44.79  0.0000E+00
    58.000 -0.7275E+00  0.0000E+00   45.62  0.0000E+00
    59.000 -0.7093E+00  0.0000E+00   46.46  0.0000E+00
    60.000 -0.6908E+00  0.0000E+00   47.30  0.0000E+00
    61.000 -0.6718E+00  0.0000E+00   48.14  0.0000E+00
    62.000 -0.6524E+00  0.0000E+00   48.98  0.0000E+00
    63.000 -0.6327E+00  0.0000E+00   49.83  0.0000E+00
    64.000 -0.6126E+00  0.0000E+00   50.68  0.0000E+00
    65.000 -0.5922E+00  0.0000E+00   51.53  0.0000E+00
    66.000 -0.5715E+00  0.0000E+00   52.39  0.0000E+00
    67.000 -0.5505E+00  0.0000E+00   53.25  0.0000E+00
    68.000 -0.5292E+00  0.0000E+00   54.11  0.0000E+00
    69.000 -0.5076E+00  0.0000E+00   54.97  0.0000E+00
    70.000 -0.4858E+00  0.0000E+00   55.84  0.0000E+00
    71.000 -0.4637E+00  0.0000E+00   56.71  0.0000E+00
    72.000 -0.4414E+00  0.0000E+00   57.58  0.0000E+00
    73.000 -0.4189E+00  0.0000E+00   58.46  0.0000E+00
    74.000 -0.3962E+00  0.0000E+00   59.34  0.0000E+00
    75.000 -0.3733E+00  0.0000E+00   60.23  0.0000E+00
    76.000 -0.3502E+00  0.0000E+00   61.12  0.0000E+00
    77.000 -0.3269E+00  0.0000E+00   62.01  0.0000E+00
    78.000 -0.3035E+00  0.0000E+00   62.90  0.0000E+00
    79.000 -0.2800E+00  0.0000E+00   63.80  0.0000E+00
    80.000 -0.2563E+00  0.0000E+00   64.70  0.0000E+00
    81.000 -0.2325E+00  0.0000E+00   65.61  0.0000E+00
    82.000 -0.2086E+00  0.0000E+00   66.52  0.0000E+00
    83.000 -0.1847E+00  0.0000E+00   67.43  0.0000E+00
    84.000 -0.1606E+00  0.0000E+00   68.35  0.0000E+00
    85.000 -0.1365E+00  0.0000E+00   69.27  0.0000E+00
    86.000 -0.1123E+00  0.0000E+00   70.20  0.0000E+00
    87.000 -0.8801E-01  0.0000E+00   71.13  0.0000E+00
    88.000 -0.6372E-01  0.0000E+00   72.06  0.0000E+00
    89.000 -0.3941E-01  0.0000E+00   73.00  0.0000E+00
    90.000 -0.1509E-01  0.0000E+00   73.94  0.0000E+00
    91.000  0.9239E-02  0.0000E+00   74.89  0.0000E+00
    92.000  0.3356E-01  0.0000E+00   75.84  0.0000E+00
    93.000  0.5786E-01  0.0000E+00   76.80  0.0000E+00
    94.000  0.8214E-01  0.0000E+00   77.76  0.0000E+00
    95.000  0.1064E+00  0.0000E+00   78.72  0.0000E+00
    96.000  0.1306E+00  0.0000E+00   79.69  0.0000E+00
    97.000  0.1547E+00  0.0000E+00   80.66  0.0000E+00
    98.000  0.1787E+00  0.0000E+00   81.64  0.0000E+00
    99.000  0.2027E+00  0.0000E+00   82.63  0.0000E+00
   100.000  0.2265E+00  0.0000E+00   83.62  0.0000E+00
   101.000  0.2503E+00  0.0000E+00   84.61  0.0000E+00
   102.000  0.2739E+00  0.0000E+00   85.61  0.0000E+00
   103.000  0.2974E+00  0.0000E+00   86.61  0.0000E+00
   104.000  0.3207E+00  0.0000E+00   87.62  0.0000E+00
   105.000  0.3439E+00  0.0000E+00   88.63  0.0000E+00
   106.000  0.3669E+00  0.0000E+00   89.65  0.0000E+00
   107.000  0.3897E+00  0.0000E+00   90.67  0.0000E+00
   108.000  0.4123E+00  0.0000E+00   91.70  0.0000E+00
   109.000  0.4347E+00  0.0000E+00   92.74  0.0000E+00
   110.000  0.4568E+00  0.0000E+00   93.78  0.0000E+00
   111.000  0.4787E+00  0.0000E+00   94.82  0.0000E+00
   112.000  0.5003E+00  0.0000E+00   95.87  0.0000E+00
   113.000  0.5216E+00  0.0000E+00   96.93  0.0000E+00
   114.000  0.5426E+00  0.0000E+00   97.99  0.0000E+00
   115.000  0.5633E+00  0.0000E+00   99.06  0.0000E+00
   116.000  0.5836E+00  0.0000E+00  100.13  0.0000E+00
   117.000  0.6035E+00  0.0000E+00  101.21  0.0000E+00
   118.000  0.6230E+00  0.0000E+00  102.29  0.0000E+00
   119.000  0.6421E+00  0.0000E+00  103.38  0.0000E+00
   120.000  0.6608E+00  0.0000E+00  104.48  0.0000E+00
   121.000  0.6789E+00  0.0000E+00  105.58  0.0000E+00
   122.000  0.6966E+00  0.0000E+00  106.69  0.0000E+00
   123.000  0.7137E+00  0.0000E+00  107.80  0.0000E+00
   124.000  0.7303E+00  0.0000E+00  108.92  0.0000E+00
   125.000  0.7463E+00  0.0000E+00  110.05  0.0000E+00
   126.000  0.7617E+00  0.0000E+00  111.18  0.0000E+00
   127.000  0.7764E+00  0.0000E+00  112.31  0.0000E+00
   128.000  0.7904E+00  0.0000E+00  113.46  0.0000E+00
   129.000  0.8038E+00  0.0000E+00  114.61  0.0000E+00
   130.000  0.8163E+00  0.0000E+00  115.76  0.0000E+00
   131.000  0.8281E+00  0.0000E+00  116.92  0.0000E+00
   132.000  0.8391E+00  0.0000E+00  118.09  0.0000E+00
   133.000  0.8492E+00  0.0000E+00  119.26  0.0000E+00
   134.000  0.8584E+00  0.0000E+00  120.44  0.0000E+00
   135.000  0.8666E+00  0.0000E+00  121.63  0.0000E+00
   136.000  0.8739E+00  0.0000E+00  122.82  0.0000E+00
   137.000  0.8803E+00  0.0000E+00  124.02  0.0000E+00
   138.000  0.8855E+00  0.0000E+00  125.22  0.0000E+00
   139.000  0.8897E+00  0.0000E+00  126.43  0.0000E+00
   140.000  0.8928E+00  0.0000E+00  127.64  0.0000E+00
   141.000  0.8947E+00  0.0000E+00  128.86  0.0000E+00
   142.000  0.8955E+00  0.0000E+00  130.09  0.0000E+00
   143.000  0.8951E+00  0.0000E+00  131.32  0.0000E+00
   144.000  0.8934E+00  0.0000E+00  132.56  0.0000E+00
   145.000  0.8905E+00  0.0000E+00  133.80  0.0000E+00
   146.000  0.8862E+00  0.0000E+00  135.05  0.0000E+00
   147.000  0.8807E+00  0.0000E+00  136.31  0.0000E+00
   148.000  0.8738E+00  0.0000E+00  137.57  0.0000E+00
   149.000  0.8655E+00  0.0000E+00  138.83  0.0000E+00
   150.000  0.8559E+00  0.0000E+00  140.10  0.0000E+00
   151.000  0.8448E+00  0.0000E+00  141.38  0.0000E+00
   152.000  0.8324E+00  0.0000E+00  142.66  0.0000E+00
   153.000  0.8186E+00  0.0000E+00  143.94  0.0000E+00
   154.000  0.8033E+00  0.0000E+00  145.23  0.0000E+00
   155.000  0.7867E+00  0.0000E+00  146.53  0.0000E+00
   156.000  0.7686E+00  0.0000E+00  147.83  0.0000E+00
   157.000  0.7491E+00  0.0000E+00  149.13  0.0000E+00
   158.000  0.7283E+00  0.0000E+00  150.44  0.0000E+00
   159.000  0.7061E+00  0.0000E+00  151.76  0.0000E+00
   160.000  0.6825E+00  0.0000E+00  153.07  0.0000E+00
   161.000  0.6576E+00  0.0000E+00  154.39  0.0000E+00
   162.000  0.6314E+00  0.0000E+00  155.72  0.0000E+00
   163.000  0.6040E+00  0.0000E+00  157.05  0.0000E+00
   164.000  0.5753E+00  0.0000E+00  158.38  0.0000E+00
   165.000  0.5455E+00  0.0000E+00  159.71  0.0000E+00
   166.000  0.5146E+00  0.0000E+00  161.05  0.0000E+00
   167.000  0.4826E+00  0.0000E+00  162.39  0.0000E+00
   168.000  0.4496E+00  0.0000E+00  163.74  0.0000E+00
   169.000  0.4156E+00  0.0000E+00  165.08  0.0000E+00
   170.000  0.3808E+00  0.0000E+00  166.43  0.0000E+00
   171.000  0.3451E+00  0.0000E+00  167.78  0.0000E+00
   172.000  0.3087E+00  0.0000E+00  169.13  0.0000E+00
   173.000  0.2716E+00  0.0000E+00  170.49  0.0000E+00
   174.000  0.2339E+00  0.0000E+00  171.84  0.0000E+00
   175.000  0.1957E+00  0.0000E+00  173.20  0.0000E+00
   176.000  0.1571E+00  0.0000E+00  174.56  0.0000E+00
   177.000  0.1182E+00  0.0000E+00  175.92  0.0000E+00
   178.000  0.7893E-01  0.0000E+00  177.28  0.0000E+00
   179.000  0.3953E-01  0.0000E+00  178.64  0.0000E+00
   180.000  0.2625E-04  0.0000E+00  180.00  0.0000E+00
