     0.000  0.0000E+00  0.0000E+00    0.00  0.0000E+00
     1.000 -0.5122E-01  0.0000E+00    0.76  0.0000E+00
     2.000 -0.1022E+00  0.0000E+00    1.52  0.0000E+00
     3.000 -0.1529E+00  0.0000E+00    2.28  0.0000E+00
     4.000 -0.2030E+00  0.0000E+00    3.04  0.0000E+00
     5.000 -0.2523E+00  0.0000E+00    3.80  0.0000E+00
     6.000 -0.3007E+00  0.0000E+00    4.56  0.0000E+00
     7.000 -0.3480E+00  0.0000E+00    5.33  0.0000E+00
     8.000 -0.3941E+00  0.0000E+00    6.09  0.0000E+00
     9.000 -0.4387E+00  0.0000E+00    6.85  0.0000E+00
    10.000 -0.4819E+00  0.0000E+00    7.61  0.0000E+00
    11.000 -0.5235E+00  0.0000E+00    8.37  0.0000E+00
    12.000 -0.5634E+00  0.0000E+00    9.14  0.0000E+00
    13.000 -0.6015E+00  0.0000E+00    9.90  0.0000E+00
    14.000 -0.6377E+00  0.0000E+00   10.67  0.0000E+00
    15.000 -0.6720E+00  0.0000E+00   11.43  0.0000E+00
    16.000 -0.7044E+00  0.0000E+00   12.20  0.0000E+00
    17.000 -0.7348E+00  0.0000E+00   12.96  0.0000E+00
    18.000 -0.7632E+00  0.0000E+00   13.73  0.0000E+00
    19.000 -0.7896E+00  0.0000E+00   14.50  0.0000E+00
    20.000 -0.8141E+00  0.0000E+00   15.27  0.0000E+00
    21.000 -0.8365E+00  0.0000E+00   16.04  0.0000E+00
    22.000 -0.8571E+00  0.0000E+00   16.81  0.0000E+00
    23.000 -0.8757E+00  0.0000E+00   17.58  0.0000E+00
    24.000 -0.8924E+00  0.0000E+00   18.35  0.0000E+00
    25.000 -0.9074E+00  0.0000E+00   19.12  0.0000E+00
    26.000 -0.9206E+00  0.0000E+00   19.90  0.0000E+00
    27.000 -0.9320E+00  0.0000E+00   20.67  0.0000E+00
    28.000 -0.9418E+00  0.0000E+00   21.45  0.0000E+00
    29.000 -0.9499E+00  0.0000E+00   22.23  0.0000E+00
    30.000 -0.9566E+00  0.0000E+00   23.00  0.0000E+00
    31.000 -0.9617E+00  0.0000E+00   23.78  0.0000E+00
    32.000 -0.9654E+00  0.0000E+00   24.57  0.0000E+00
    33.000 -0.9677E+00  0.0000E+00   25.35  0.0000E+00
    34.000 -0.9687E+00  0.0000E+00   26.13  0.0000E+00
    35.000 -0.9685E+00  0.0000E+00   26.92  0.0000E+00
    36.000 -0.9670E+00  0.0000E+00   27.71  0.0000E+00
    37.000 -0.9644E+00  0.0000E+00   28.49  0.0000E+00
    38.000 -0.9607E+00  0.0000E+00   29.29  0.0000E+00
    39.000 -0.9560E+00  0.0000E+00   30.08  0.0000E+00
    40.000 -0.9502E+00  0.0000E+00   30.87  0.0000E+00
    41.000 -0.9435E+00  0.0000E+00   31.67  0.0000E+00
    42.000 -0.9359E+00  0.0000E+00   32.46  0.0000E+00
    43.000 -0.9275E+00  0.0000E+00   33.26  0.0000E+00
    44.000 -0.9182E+00  0.0000E+00   34.06  0.0000E+00
    45.000 -0.9081E+00  0.0000E+00   34.87  0.0000E+00
    46.000 -0.8973E+00  0.0000E+00   35.67  0.0000E+00
    47.000 -0.8858E+00  0.0000E+00   36.48  0.0000E+00
    48.000 -0.8736E+00  0.0000E+00   37.29  0.0000E+00
    49.000 -0.8608E+00  0.0000E+00   38.10  0.0000E+00
    50.000 -0.8473E+00  0.0000E+00   38.91  0.0000E+00
    51.000 -0.8333E+00  0.0000E+00   39.73  0.0000E+00
    52.000 -0.8187E+00  0.0000E+00   40.54  0.0000E+00
    53.000 -0.8036E+00  0.0000E+00   41.36  0.0000E+00
    54.000 -0.7879E+00  0.0000E+00   42.19  0.0000E+00
    55.000 -0.7718E+00  0.0000E+00   43.01  0.0000E+00
    56.000 -0.7552E+00  0.0000E+00   43.84  0.0000E+00
    57.000 -0.7382E+00  0.0000E+00   44.67  0.0000E+00
    58.000 -0.7208E+00  0.0000E+00   45.50  0.0000E+00
    59.000 -0.7029E+00  0.0000E+00   46.34  0.0000E+00
    60.000 -0.6847E+00  0.0000E+00   47.17  0.0000E+00
    61.000 -0.6661E+00  0.0000E+00   48.01  0.0000E+00
    62.000 -0.6471E+00  0.0000E+00   48.86  0.0000E+00
    63.000 -0.6279E+00  0.0000E+00   49.70  0.0000E+00
    64.000 -0.6083E+00  0.0000E+00   50.55  0.0000E+00
    65.000 -0.5884E+00  0.0000E+00   51.40  0.0000E+00
    66.000 -0.5682E+00  0.0000E+00   52.26  0.0000E+00
    67.000 -0.5478E+00  0.0000E+00   53.11  0.0000E+00
    68.000 -0.5270E+00  0.0000E+00   53.97  0.0000E+00
    69.000 -0.5061E+00  0.0000E+00   54.84  0.0000E+00
    70.000 -0.4849E+00  0.0000E+00   55.71  0.0000E+00
    71.000 -0.4635E+00  0.0000E+00   56.58  0.0000E+00
    72.000 -0.4419E+00  0.0000E+00   57.45  0.0000E+00
    73.000 -0.4201E+00  0.0000E+00   58.33  0.0000E+00
    74.000 -0.3981E+00  0.0000E+00   59.21  0.0000E+00
    75.000 -0.3759E+00  0.0000E+00   60.09  0.0000E+00
    76.000 -0.3536E+00  0.0000E+00   60.98  0.0000E+00
    77.000 -0.3311E+00  0.0000E+00   61.87  0.0000E+00
    78.000 -0.3085E+00  0.0000E+00   62.76  0.0000E+00
    79.000 -0.2858E+00  0.0000E+00   63.66  0.0000E+00
    80.000 -0.2629E+00  0.0000E+00   64.56  0.0000E+00
    81.000 -0.2400E+00  0.0000E+00   65.47  0.0000E+00
    82.000 -0.2169E+00  0.0000E+00   66.38  0.0000E+00
    83.000 -0.1938E+00  0.0000E+00   67.29  0.0000E+00
    84.000 -0.1706E+00  0.0000E+00   68.21  0.0000E+00
    85.000 -0.1473E+00  0.0000E+00   69.13  0.0000E+00
    86.000 -0.1239E+00  0.0000E+00   70.06  0.0000E+00
    87.000 -0.1005E+00  0.0000E+00   70.99  0.0000E+00
    88.000 -0.7711E-01  0.0000E+00   71.92  0.0000E+00
    89.000 -0.5365E-01  0.0000E+00   72.86  0.0000E+00
    90.000 -0.3017E-01  0.0000E+00   73.80  0.0000E+00
    91.000 -0.6674E-02  0.0000E+00   74.75  0.0000E+00
    92.000  0.1682E-01  0.0000E+00   75.70  0.0000E+00
    93.000  0.4031E-01  0.0000E+00   76.65  0.0000E+00
    94.000  0.6378E-01  0.0000E+00   77.62  0.0000E+00
    95.000  0.8723E-01  0.0000E+00   78.58  0.0000E+00
    96.000  0.1106E+00  0.0000E+00   79.55  0.0000E+00
    97.000  0.1340E+00  0.0000E+00   80.52  0.0000E+00
    98.000  0.1573E+00  0.0000E+00   81.50  0.0000E+00
    99.000  0.1806E+00  0.0000E+00   82.49  0.0000E+00
   100.000  0.2037E+00  0.0000E+00   83.48  0.0000E+00
   101.000  0.2268E+00  0.0000E+00   84.47  0.0000E+00
   102.000  0.2498E+00  0.0000E+00   85.47  0.0000E+00
   103.000  0.2727E+00  0.0000E+00   86.47  0.0000E+00
   104.000  0.2955E+00  0.0000E+00   87.48  0.0000E+00
   105.000  0.3181E+00  0.0000E+00   88.50  0.0000E+00
   106.000  0.3406E+00  0.0000E+00   89.51  0.0000E+00
   107.000  0.3630E+00  0.0000E+00   90.54  0.0000E+00
   108.000  0.3852E+00  0.0000E+00   91.57  0.0000E+00
   109.000  0.4072E+00  0.0000E+00   92.60  0.0000E+00
   110.000  0.4290E+00  0.0000E+00   93.64  0.0000E+00
   111.000  0.4506E+00  0.0000E+00   94.69  0.0000E+00
   112.000  0.4719E+00  0.0000E+00   95.74  0.0000E+00
   113.000  0.4931E+00  0.0000E+00   96.80  0.0000E+00
   114.000  0.5139E+00  0.0000E+00   97.86  0.0000E+00
   115.000  0.5345E+00  0.0000E+00   98.93  0.0000E+00
   116.000  0.5548E+00  0.0000E+00  100.00  0.0000E+00
   117.000  0.5747E+00  0.0000E+00  101.08  0.0000E+00
   118.000  0.5944E+00  0.0000E+00  102.17  0.0000E+00
   119.000  0.6136E+00  0.0000E+00  103.26  0.0000E+00
   120.000  0.6325E+00  0.0000E+00  104.36  0.0000E+00
   121.000  0.6509E+00  0.0000E+00  105.46  0.0000E+00
   122.000  0.6690E+00  0.0000E+00  106.57  0.0000E+00
   123.000  0.6865E+00  0.0000E+00  107.69  0.0000E+00
   124.000  0.7036E+00  0.0000E+00  108.81  0.0000E+00
   125.000  0.7201E+00  0.0000E+00  109.93  0.0000E+00
   126.000  0.7361E+00  0.0000E+00  111.07  0.0000E+00
   127.000  0.7515E+00  0.0000E+00  112.20  0.0000E+00
   128.000  0.7663E+00  0.0000E+00  113.35  0.0000E+00
   129.000  0.7804E+00  0.0000E+00  114.50  0.0000E+00
   130.000  0.7938E+00  0.0000E+00  115.66  0.0000E+00
   131.000  0.8065E+00  0.0000E+00  116.82  0.0000E+00
   132.000  0.8185E+00  0.0000E+00  117.99  0.0000E+00
   133.000  0.8297E+00  0.0000E+00  119.16  0.0000E+00
   134.000  0.8400E+00  0.0000E+00  120.34  0.0000E+00
   135.000  0.8494E+00  0.0000E+00  121.53  0.0000E+00
   136.000  0.8579E+00  0.0000E+00  122.72  0.0000E+00
   137.000  0.8655E+00  0.0000E+00  123.92  0.0000E+00
   138.000  0.8721E+00  0.0000E+00  125.13  0.0000E+00
   139.000  0.8776E+00  0.0000E+00  126.34  0.0000E+00
   140.000  0.8821E+00  0.0000E+00  127.56  0.0000E+00
   141.000  0.8854E+00  0.0000E+00  128.78  0.0000E+00
   142.000  0.8876E+00  0.0000E+00  130.01  0.0000E+00
   143.000  0.8886E+00  0.0000E+00  131.24  0.0000E+00
   144.000  0.8883E+00  0.0000E+00  132.48  0.0000E+00
   145.000  0.8868E+00  0.0000E+00  133.73  0.0000E+00
   146.000  0.8840E+00  0.0000E+00  134.98  0.0000E+00
   147.000  0.8799E+00  0.0000E+00  136.23  0.0000E+00
   148.000  0.8744E+00  0.0000E+00  137.50  0.0000E+00
   149.000  0.8675E+00  0.0000E+00  138.76  0.0000E+00
   150.000  0.8592E+00  0.0000E+00  140.04  0.0000E+00
   151.000  0.8494E+00  0.0000E+00  141.31  0.0000E+00
   152.000  0.8382E+00  0.0000E+00  142.60  0.0000E+00
   153.000  0.8255E+00  0.0000E+00  143.88  0.0000E+00
   154.000  0.8113E+00  0.0000E+00  145.18  0.0000E+00
   155.000  0.7957E+00  0.0000E+00  146.48  0.0000E+00
   156.000  0.7785E+00  0.0000E+00  147.78  0.0000E+00
   157.000  0.7599E+00  0.0000E+00  149.08  0.0000E+00
   158.000  0.7397E+00  0.0000E+00  150.39  0.0000E+00
   159.000  0.7181E+00  0.0000E+00  151.71  0.0000E+00
   160.000  0.6950E+00  0.0000E+00  153.03  0.0000E+00
   161.000  0.6705E+00  0.0000E+00  154.35  0.0000E+00
   162.000  0.6446E+00  0.0000E+00  155.68  0.0000E+00
   163.000  0.6173E+00  0.0000E+00  157.01  0.0000E+00
   164.000  0.5887E+00  0.0000E+00  158.34  0.0000E+00
   165.000  0.5588E+00  0.0000E+00  159.68  0.0000E+00
   166.000  0.5276E+00  0.0000E+00  161.02  0.0000E+00
   167.000  0.4953E+00  0.0000E+00  162.36  0.0000E+00
   168.000  0.4618E+00  0.0000E+00  163.71  0.0000E+00
   169.000  0.4273E+00  0.0000E+00  165.06  0.0000E+00
   170.000  0.3917E+00  0.0000E+00  166.41  0.0000E+00
   171.000  0.3553E+00  0.0000E+00  167.76  0.0000E+00
   172.000  0.3180E+00  0.0000E+00  169.12  0.0000E+00
   173.000  0.2800E+00  0.0000E+00  170.47  0.0000E+00
   174.000  0.2412E+00  0.0000E+00  171.83  0.0000E+00
   175.000  0.2019E+00  0.0000E+00  173.19  0.0000E+00
   176.000  0.1622E+00  0.0000E+00  174.55  0.0000E+00
   177.000  0.1220E+00  0.0000E+00  175.91  0.0000E+00
   178.000  0.8149E-01  0.0000E+00  177.27  0.0000E+00
   179.000  0.4082E-01  0.0000E+00  178.64  0.0000E+00
   180.000  0.2799E-04  0.0000E+00  180.00  0.0000E+00
