     0.000  0.4132E+01  0.0000E+00    0.00  0.7099E+01
     1.000  0.4134E+01  0.0000E+00    0.76  0.7101E+01
     2.000  0.4139E+01  0.0000E+00    1.53  0.7109E+01
     3.000  0.4148E+01  0.0000E+00    2.29  0.7122E+01
     4.000  0.4160E+01  0.0000E+00    3.05  0.7140E+01
     5.000  0.4176E+01  0.0000E+00    3.82  0.7164E+01
     6.000  0.4195E+01  0.0000E+00    4.58  0.7192E+01
     7.000  0.4218E+01  0.0000E+00    5.34  0.7226E+01
     8.000  0.4244E+01  0.0000E+00    6.11  0.7264E+01
     9.000  0.4273E+01  0.0000E+00    6.87  0.7307E+01
    10.000  0.4306E+01  0.0000E+00    7.64  0.7355E+01
    11.000  0.4342E+01  0.0000E+00    8.40  0.7407E+01
    12.000  0.4381E+01  0.0000E+00    9.17  0.7464E+01
    13.000  0.4423E+01  0.0000E+00    9.93  0.7525E+01
    14.000  0.4468E+01  0.0000E+00   10.70  0.7590E+01
    15.000  0.4516E+01  0.0000E+00   11.47  0.7659E+01
    16.000  0.4567E+01  0.0000E+00   12.24  0.7732E+01
    17.000  0.4620E+01  0.0000E+00   13.00  0.7808E+01
    18.000  0.4677E+01  0.0000E+00   13.77  0.7887E+01
    19.000  0.4735E+01  0.0000E+00   14.54  0.7969E+01
    20.000  0.4797E+01  0.0000E+00   15.31  0.8055E+01
    21.000  0.4861E+01  0.0000E+00   16.09  0.8143E+01
    22.000  0.4927E+01  0.0000E+00   16.86  0.8233E+01
    23.000  0.4995E+01  0.0000E+00   17.63  0.8326E+01
    24.000  0.5065E+01  0.0000E+00   18.41  0.8420E+01
    25.000  0.5137E+01  0.0000E+00   19.18  0.8516E+01
    26.000  0.5211E+01  0.0000E+00   19.96  0.8614E+01
    27.000  0.5287E+01  0.0000E+00   20.74  0.8713E+01
    28.000  0.5364E+01  0.0000E+00   21.51  0.8813E+01
    29.000  0.5443E+01  0.0000E+00   22.29  0.8913E+01
    30.000  0.5523E+01  0.0000E+00   23.07  0.9014E+01
    31.000  0.5605E+01  0.0000E+00   23.86  0.9116E+01
    32.000  0.5687E+01  0.0000E+00   24.64  0.9217E+01
    33.000  0.5771E+01  0.0000E+00   25.43  0.9318E+01
    34.000  0.5855E+01  0.0000E+00   26.21  0.9419E+01
    35.000  0.5941E+01  0.0000E+00   27.00  0.9519E+01
    36.000  0.6027E+01  0.0000E+00   27.79  0.9618E+01
    37.000  0.6113E+01  0.0000E+00   28.58  0.9716E+01
    38.000  0.6200E+01  0.0000E+00   29.37  0.9812E+01
    39.000  0.6288E+01  0.0000E+00   30.17  0.9908E+01
    40.000  0.6375E+01  0.0000E+00   30.96  0.1000E+02
    41.000  0.6463E+01  0.0000E+00   31.76  0.1009E+02
    42.000  0.6551E+01  0.0000E+00   32.56  0.1018E+02
    43.000  0.6639E+01  0.0000E+00   33.36  0.1027E+02
    44.000  0.6726E+01  0.0000E+00   34.16  0.1035E+02
    45.000  0.6814E+01  0.0000E+00   34.97  0.1044E+02
    46.000  0.6901E+01  0.0000E+00   35.77  0.1051E+02
    47.000  0.6987E+01  0.0000E+00   36.58  0.1059E+02
    48.000  0.7073E+01  0.0000E+00   37.39  0.1066E+02
    49.000  0.7159E+01  0.0000E+00   38.20  0.1073E+02
    50.000  0.7243E+01  0.0000E+00   39.02  0.1080E+02
    51.000  0.7327E+01  0.0000E+00   39.84  0.1087E+02
    52.000  0.7410E+01  0.0000E+00   40.66  0.1093E+02
    53.000  0.7492E+01  0.0000E+00   41.48  0.1098E+02
    54.000  0.7573E+01  0.0000E+00   42.30  0.1103E+02
    55.000  0.7653E+01  0.0000E+00   43.13  0.1108E+02
    56.000  0.7732E+01  0.0000E+00   43.96  0.1113E+02
    57.000  0.7810E+01  0.0000E+00   44.79  0.1117E+02
    58.000  0.7886E+01  0.0000E+00   45.62  0.1121E+02
    59.000  0.7961E+01  0.0000E+00   46.46  0.1124E+02
    60.000  0.8035E+01  0.0000E+00   47.30  0.1127E+02
    61.000  0.8107E+01  0.0000E+00   48.14  0.1130E+02
    62.000  0.8178E+01  0.0000E+00   48.98  0.1132E+02
    63.000  0.8247E+01  0.0000E+00   49.83  0.1133E+02
    64.000  0.8314E+01  0.0000E+00   50.68  0.1135E+02
    65.000  0.8380E+01  0.0000E+00   51.53  0.1136E+02
    66.000  0.8444E+01  0.0000E+00   52.39  0.1136E+02
    67.000  0.8506E+01  0.0000E+00   53.25  0.1136E+02
    68.000  0.8567E+01  0.0000E+00   54.11  0.1136E+02
    69.000  0.8626E+01  0.0000E+00   54.97  0.1135E+02
    70.000  0.8682E+01  0.0000E+00   55.84  0.1134E+02
    71.000  0.8737E+01  0.0000E+00   56.71  0.1132E+02
    72.000  0.8790E+01  0.0000E+00   57.58  0.1130E+02
    73.000  0.8841E+01  0.0000E+00   58.46  0.1128E+02
    74.000  0.8890E+01  0.0000E+00   59.34  0.1125E+02
    75.000  0.8937E+01  0.0000E+00   60.23  0.1122E+02
    76.000  0.8981E+01  0.0000E+00   61.12  0.1119E+02
    77.000  0.9024E+01  0.0000E+00   62.01  0.1115E+02
    78.000  0.9064E+01  0.0000E+00   62.90  0.1110E+02
    79.000  0.9102E+01  0.0000E+00   63.80  0.1106E+02
    80.000  0.9138E+01  0.0000E+00   64.70  0.1101E+02
    81.000  0.9172E+01  0.0000E+00   65.61  0.1095E+02
    82.000  0.9203E+01  0.0000E+00   66.52  0.1090E+02
    83.000  0.9232E+01  0.0000E+00   67.43  0.1084E+02
    84.000  0.9259E+01  0.0000E+00   68.35  0.1077E+02
    85.000  0.9284E+01  0.0000E+00   69.27  0.1070E+02
    86.000  0.9306E+01  0.0000E+00   70.20  0.1063E+02
    87.000  0.9325E+01  0.0000E+00   71.13  0.1056E+02
    88.000  0.9343E+01  0.0000E+00   72.06  0.1048E+02
    89.000  0.9358E+01  0.0000E+00   73.00  0.1040E+02
    90.000  0.9370E+01  0.0000E+00   73.94  0.1032E+02
    91.000  0.9380E+01  0.0000E+00   74.89  0.1024E+02
    92.000  0.9388E+01  0.0000E+00   75.84  0.1015E+02
    93.000  0.9393E+01  0.0000E+00   76.80  0.1006E+02
    94.000  0.9396E+01  0.0000E+00   77.76  0.9966E+01
    95.000  0.9396E+01  0.0000E+00   78.72  0.9871E+01
    96.000  0.9394E+01  0.0000E+00   79.69  0.9773E+01
    97.000  0.9390E+01  0.0000E+00   80.66  0.9674E+01
    98.000  0.9383E+01  0.0000E+00   81.64  0.9572E+01
    99.000  0.9373E+01  0.0000E+00   82.63  0.9469E+01
   100.000  0.9362E+01  0.0000E+00   83.62  0.9364E+01
   101.000  0.9348E+01  0.0000E+00   84.61  0.9257E+01
   102.000  0.9331E+01  0.0000E+00   85.61  0.9148E+01
   103.000  0.9313E+01  0.0000E+00   86.61  0.9038E+01
   104.000  0.9292E+01  0.0000E+00   87.62  0.8927E+01
   105.000  0.9268E+01  0.0000E+00   88.63  0.8815E+01
   106.000  0.9243E+01  0.0000E+00   89.65  0.8701E+01
   107.000  0.9215E+01  0.0000E+00   90.67  0.8587E+01
   108.000  0.9186E+01  0.0000E+00   91.70  0.8472E+01
   109.000  0.9154E+01  0.0000E+00   92.74  0.8356E+01
   110.000  0.9120E+01  0.0000E+00   93.78  0.8240E+01
   111.000  0.9084E+01  0.0000E+00   94.82  0.8123E+01
   112.000  0.9047E+01  0.0000E+00   95.87  0.8006E+01
   113.000  0.9007E+01  0.0000E+00   96.93  0.7888E+01
   114.000  0.8966E+01  0.0000E+00   97.99  0.7771E+01
   115.000  0.8923E+01  0.0000E+00   99.06  0.7653E+01
   116.000  0.8878E+01  0.0000E+00  100.13  0.7536E+01
   117.000  0.8832E+01  0.0000E+00  101.21  0.7418E+01
   118.000  0.8784E+01  0.0000E+00  102.29  0.7302E+01
   119.000  0.8735E+01  0.0000E+00  103.38  0.7185E+01
   120.000  0.8684E+01  0.0000E+00  104.48  0.7070E+01
   121.000  0.8633E+01  0.0000E+00  105.58  0.6955E+01
   122.000  0.8580E+01  0.0000E+00  106.69  0.6841E+01
   123.000  0.8526E+01  0.0000E+00  107.80  0.6727E+01
   124.000  0.8470E+01  0.0000E+00  108.92  0.6615E+01
   125.000  0.8414E+01  0.0000E+00  110.05  0.6504E+01
   126.000  0.8358E+01  0.0000E+00  111.18  0.6394E+01
   127.000  0.8300E+01  0.0000E+00  112.31  0.6285E+01
   128.000  0.8242E+01  0.0000E+00  113.46  0.6177E+01
   129.000  0.8183E+01  0.0000E+00  114.61  0.6071E+01
   130.000  0.8124E+01  0.0000E+00  115.76  0.5967E+01
   131.000  0.8064E+01  0.0000E+00  116.92  0.5864E+01
   132.000  0.8004E+01  0.0000E+00  118.09  0.5762E+01
   133.000  0.7944E+01  0.0000E+00  119.26  0.5663E+01
   134.000  0.7884E+01  0.0000E+00  120.44  0.5565E+01
   135.000  0.7824E+01  0.0000E+00  121.63  0.5469E+01
   136.000  0.7764E+01  0.0000E+00  122.82  0.5375E+01
   137.000  0.7704E+01  0.0000E+00  124.02  0.5282E+01
   138.000  0.7644E+01  0.0000E+00  125.22  0.5192E+01
   139.000  0.7585E+01  0.0000E+00  126.43  0.5104E+01
   140.000  0.7526E+01  0.0000E+00  127.64  0.5017E+01
   141.000  0.7468E+01  0.0000E+00  128.86  0.4933E+01
   142.000  0.7410E+01  0.0000E+00  130.09  0.4851E+01
   143.000  0.7353E+01  0.0000E+00  131.32  0.4771E+01
   144.000  0.7297E+01  0.0000E+00  132.56  0.4693E+01
   145.000  0.7241E+01  0.0000E+00  133.80  0.4618E+01
   146.000  0.7187E+01  0.0000E+00  135.05  0.4544E+01
   147.000  0.7133E+01  0.0000E+00  136.31  0.4473E+01
   148.000  0.7081E+01  0.0000E+00  137.57  0.4404E+01
   149.000  0.7029E+01  0.0000E+00  138.83  0.4337E+01
   150.000  0.6979E+01  0.0000E+00  140.10  0.4273E+01
   151.000  0.6929E+01  0.0000E+00  141.38  0.4210E+01
   152.000  0.6881E+01  0.0000E+00  142.66  0.4150E+01
   153.000  0.6835E+01  0.0000E+00  143.94  0.4092E+01
   154.000  0.6789E+01  0.0000E+00  145.23  0.4037E+01
   155.000  0.6745E+01  0.0000E+00  146.53  0.3983E+01
   156.000  0.6703E+01  0.0000E+00  147.83  0.3932E+01
   157.000  0.6662E+01  0.0000E+00  149.13  0.3883E+01
   158.000  0.6622E+01  0.0000E+00  150.44  0.3836E+01
   159.000  0.6585E+01  0.0000E+00  151.76  0.3792E+01
   160.000  0.6548E+01  0.0000E+00  153.07  0.3749E+01
   161.000  0.6513E+01  0.0000E+00  154.39  0.3709E+01
   162.000  0.6480E+01  0.0000E+00  155.72  0.3671E+01
   163.000  0.6449E+01  0.0000E+00  157.05  0.3635E+01
   164.000  0.6419E+01  0.0000E+00  158.38  0.3601E+01
   165.000  0.6391E+01  0.0000E+00  159.71  0.3570E+01
   166.000  0.6365E+01  0.0000E+00  161.05  0.3540E+01
   167.000  0.6340E+01  0.0000E+00  162.39  0.3513E+01
   168.000  0.6317E+01  0.0000E+00  163.74  0.3487E+01
   169.000  0.6296E+01  0.0000E+00  165.08  0.3464E+01
   170.000  0.6277E+01  0.0000E+00  166.43  0.3443E+01
   171.000  0.6260E+01  0.0000E+00  167.78  0.3423E+01
   172.000  0.6244E+01  0.0000E+00  169.13  0.3406E+01
   173.000  0.6230E+01  0.0000E+00  170.49  0.3391E+01
   174.000  0.6218E+01  0.0000E+00  171.84  0.3378E+01
   175.000  0.6208E+01  0.0000E+00  173.20  0.3367E+01
   176.000  0.6200E+01  0.0000E+00  174.56  0.3358E+01
   177.000  0.6193E+01  0.0000E+00  175.92  0.3351E+01
   178.000  0.6189E+01  0.0000E+00  177.28  0.3346E+01
   179.000  0.6186E+01  0.0000E+00  178.64  0.3343E+01
   180.000  0.6185E+01  0.0000E+00  180.00  0.3342E+01
