     0.000  0.2335E+01  0.0000E+00    0.00  0.3974E+01
     1.000  0.2335E+01  0.0000E+00    0.77  0.3976E+01
     2.000  0.2338E+01  0.0000E+00    1.53  0.3980E+01
     3.000  0.2342E+01  0.0000E+00    2.30  0.3986E+01
     4.000  0.2349E+01  0.0000E+00    3.07  0.3995E+01
     5.000  0.2356E+01  0.0000E+00    3.83  0.4006E+01
     6.000  0.2366E+01  0.0000E+00    4.60  0.4020E+01
     7.000  0.2377E+01  0.0000E+00    5.37  0.4036E+01
     8.000  0.2390E+01  0.0000E+00    6.13  0.4055E+01
     9.000  0.2405E+01  0.0000E+00    6.90  0.4076E+01
    10.000  0.2421E+01  0.0000E+00    7.67  0.4099E+01
    11.000  0.2439E+01  0.0000E+00    8.44  0.4125E+01
    12.000  0.2459E+01  0.0000E+00    9.21  0.4152E+01
    13.000  0.2480E+01  0.0000E+00    9.98  0.4182E+01
    14.000  0.2502E+01  0.0000E+00   10.75  0.4214E+01
    15.000  0.2526E+01  0.0000E+00   11.52  0.4247E+01
    16.000  0.2551E+01  0.0000E+00   12.29  0.4282E+01
    17.000  0.2578E+01  0.0000E+00   13.06  0.4320E+01
    18.000  0.2606E+01  0.0000E+00   13.83  0.4358E+01
    19.000  0.2636E+01  0.0000E+00   14.61  0.4399E+01
    20.000  0.2667E+01  0.0000E+00   15.38  0.4440E+01
    21.000  0.2699E+01  0.0000E+00   16.16  0.4483E+01
    22.000  0.2732E+01  0.0000E+00   16.93  0.4527E+01
    23.000  0.2766E+01  0.0000E+00   17.71  0.4572E+01
    24.000  0.2801E+01  0.0000E+00   18.49  0.4619E+01
    25.000  0.2837E+01  0.0000E+00   19.26  0.4666E+01
    26.000  0.2874E+01  0.0000E+00   20.04  0.4714E+01
    27.000  0.2912E+01  0.0000E+00   20.82  0.4762E+01
    28.000  0.2951E+01  0.0000E+00   21.61  0.4811E+01
    29.000  0.2991E+01  0.0000E+00   22.39  0.4860E+01
    30.000  0.3031E+01  0.0000E+00   23.17  0.4910E+01
    31.000  0.3073E+01  0.0000E+00   23.96  0.4960E+01
    32.000  0.3114E+01  0.0000E+00   24.74  0.5010E+01
    33.000  0.3156E+01  0.0000E+00   25.53  0.5059E+01
    34.000  0.3199E+01  0.0000E+00   26.32  0.5109E+01
    35.000  0.3242E+01  0.0000E+00   27.11  0.5158E+01
    36.000  0.3286E+01  0.0000E+00   27.90  0.5207E+01
    37.000  0.3330E+01  0.0000E+00   28.70  0.5255E+01
    38.000  0.3374E+01  0.0000E+00   29.49  0.5303E+01
    39.000  0.3418E+01  0.0000E+00   30.29  0.5350E+01
    40.000  0.3463E+01  0.0000E+00   31.09  0.5397E+01
    41.000  0.3508E+01  0.0000E+00   31.89  0.5442E+01
    42.000  0.3553E+01  0.0000E+00   32.69  0.5486E+01
    43.000  0.3597E+01  0.0000E+00   33.49  0.5530E+01
    44.000  0.3642E+01  0.0000E+00   34.30  0.5572E+01
    45.000  0.3687E+01  0.0000E+00   35.10  0.5613E+01
    46.000  0.3732E+01  0.0000E+00   35.91  0.5653E+01
    47.000  0.3776E+01  0.0000E+00   36.72  0.5691E+01
    48.000  0.3820E+01  0.0000E+00   37.53  0.5728E+01
    49.000  0.3864E+01  0.0000E+00   38.35  0.5763E+01
    50.000  0.3908E+01  0.0000E+00   39.16  0.5797E+01
    51.000  0.3952E+01  0.0000E+00   39.98  0.5829E+01
    52.000  0.3995E+01  0.0000E+00   40.80  0.5860E+01
    53.000  0.4037E+01  0.0000E+00   41.63  0.5889E+01
    54.000  0.4080E+01  0.0000E+00   42.45  0.5916E+01
    55.000  0.4121E+01  0.0000E+00   43.28  0.5941E+01
    56.000  0.4163E+01  0.0000E+00   44.11  0.5964E+01
    57.000  0.4203E+01  0.0000E+00   44.94  0.5986E+01
    58.000  0.4244E+01  0.0000E+00   45.78  0.6006E+01
    59.000  0.4283E+01  0.0000E+00   46.62  0.6023E+01
    60.000  0.4322E+01  0.0000E+00   47.46  0.6039E+01
    61.000  0.4361E+01  0.0000E+00   48.30  0.6053E+01
    62.000  0.4398E+01  0.0000E+00   49.14  0.6065E+01
    63.000  0.4435E+01  0.0000E+00   49.99  0.6075E+01
    64.000  0.4471E+01  0.0000E+00   50.84  0.6083E+01
    65.000  0.4507E+01  0.0000E+00   51.70  0.6089E+01
    66.000  0.4542E+01  0.0000E+00   52.55  0.6093E+01
    67.000  0.4576E+01  0.0000E+00   53.41  0.6094E+01
    68.000  0.4609E+01  0.0000E+00   54.27  0.6094E+01
    69.000  0.4641E+01  0.0000E+00   55.14  0.6092E+01
    70.000  0.4673E+01  0.0000E+00   56.01  0.6088E+01
    71.000  0.4703E+01  0.0000E+00   56.88  0.6082E+01
    72.000  0.4733E+01  0.0000E+00   57.75  0.6074E+01
    73.000  0.4762E+01  0.0000E+00   58.63  0.6064E+01
    74.000  0.4789E+01  0.0000E+00   59.51  0.6052E+01
    75.000  0.4816E+01  0.0000E+00   60.40  0.6038E+01
    76.000  0.4842E+01  0.0000E+00   61.28  0.6022E+01
    77.000  0.4867E+01  0.0000E+00   62.18  0.6004E+01
    78.000  0.4891E+01  0.0000E+00   63.07  0.5985E+01
    79.000  0.4914E+01  0.0000E+00   63.97  0.5964E+01
    80.000  0.4936E+01  0.0000E+00   64.87  0.5940E+01
    81.000  0.4957E+01  0.0000E+00   65.78  0.5915E+01
    82.000  0.4976E+01  0.0000E+00   66.69  0.5889E+01
    83.000  0.4995E+01  0.0000E+00   67.60  0.5860E+01
    84.000  0.5013E+01  0.0000E+00   68.52  0.5830E+01
    85.000  0.5030E+01  0.0000E+00   69.44  0.5798E+01
    86.000  0.5045E+01  0.0000E+00   70.36  0.5765E+01
    87.000  0.5060E+01  0.0000E+00   71.29  0.5730E+01
    88.000  0.5073E+01  0.0000E+00   72.22  0.5694E+01
    89.000  0.5085E+01  0.0000E+00   73.16  0.5656E+01
    90.000  0.5096E+01  0.0000E+00   74.10  0.5617E+01
    91.000  0.5106E+01  0.0000E+00   75.05  0.5576E+01
    92.000  0.5115E+01  0.0000E+00   76.00  0.5534E+01
    93.000  0.5123E+01  0.0000E+00   76.95  0.5490E+01
    94.000  0.5129E+01  0.0000E+00   77.91  0.5446E+01
    95.000  0.5135E+01  0.0000E+00   78.87  0.5400E+01
    96.000  0.5139E+01  0.0000E+00   79.84  0.5353E+01
    97.000  0.5142E+01  0.0000E+00   80.81  0.5305E+01
    98.000  0.5144E+01  0.0000E+00   81.79  0.5256E+01
    99.000  0.5145E+01  0.0000E+00   82.77  0.5206E+01
   100.000  0.5145E+01  0.0000E+00   83.76  0.5155E+01
   101.000  0.5144E+01  0.0000E+00   84.75  0.5103E+01
   102.000  0.5141E+01  0.0000E+00   85.75  0.5050E+01
   103.000  0.5138E+01  0.0000E+00   86.75  0.4996E+01
   104.000  0.5134E+01  0.0000E+00   87.75  0.4942E+01
   105.000  0.5128E+01  0.0000E+00   88.76  0.4887E+01
   106.000  0.5121E+01  0.0000E+00   89.78  0.4832E+01
   107.000  0.5114E+01  0.0000E+00   90.80  0.4776E+01
   108.000  0.5105E+01  0.0000E+00   91.83  0.4720E+01
   109.000  0.5096E+01  0.0000E+00   92.86  0.4663E+01
   110.000  0.5085E+01  0.0000E+00   93.90  0.4606E+01
   111.000  0.5074E+01  0.0000E+00   94.94  0.4548E+01
   112.000  0.5061E+01  0.0000E+00   95.99  0.4491E+01
   113.000  0.5048E+01  0.0000E+00   97.04  0.4433E+01
   114.000  0.5034E+01  0.0000E+00   98.10  0.4375E+01
   115.000  0.5019E+01  0.0000E+00   99.17  0.4317E+01
   116.000  0.5004E+01  0.0000E+00  100.24  0.4259E+01
   117.000  0.4987E+01  0.0000E+00  101.31  0.4201E+01
   118.000  0.4970E+01  0.0000E+00  102.39  0.4143E+01
   119.000  0.4952E+01  0.0000E+00  103.48  0.4085E+01
   120.000  0.4934E+01  0.0000E+00  104.57  0.4028E+01
   121.000  0.4915E+01  0.0000E+00  105.67  0.3971E+01
   122.000  0.4895E+01  0.0000E+00  106.78  0.3914E+01
   123.000  0.4875E+01  0.0000E+00  107.89  0.3858E+01
   124.000  0.4854E+01  0.0000E+00  109.00  0.3802E+01
   125.000  0.4833E+01  0.0000E+00  110.13  0.3746E+01
   126.000  0.4811E+01  0.0000E+00  111.26  0.3691E+01
   127.000  0.4789E+01  0.0000E+00  112.39  0.3637E+01
   128.000  0.4767E+01  0.0000E+00  113.53  0.3583E+01
   129.000  0.4744E+01  0.0000E+00  114.68  0.3530E+01
   130.000  0.4722E+01  0.0000E+00  115.83  0.3478E+01
   131.000  0.4698E+01  0.0000E+00  116.99  0.3426E+01
   132.000  0.4675E+01  0.0000E+00  118.15  0.3375E+01
   133.000  0.4652E+01  0.0000E+00  119.32  0.3325E+01
   134.000  0.4628E+01  0.0000E+00  120.50  0.3276E+01
   135.000  0.4605E+01  0.0000E+00  121.68  0.3228E+01
   136.000  0.4581E+01  0.0000E+00  122.87  0.3180E+01
   137.000  0.4558E+01  0.0000E+00  124.06  0.3133E+01
   138.000  0.4535E+01  0.0000E+00  125.26  0.3088E+01
   139.000  0.4511E+01  0.0000E+00  126.47  0.3043E+01
   140.000  0.4488E+01  0.0000E+00  127.68  0.2999E+01
   141.000  0.4465E+01  0.0000E+00  128.90  0.2957E+01
   142.000  0.4442E+01  0.0000E+00  130.13  0.2915E+01
   143.000  0.4420E+01  0.0000E+00  131.36  0.2874E+01
   144.000  0.4398E+01  0.0000E+00  132.59  0.2835E+01
   145.000  0.4376E+01  0.0000E+00  133.83  0.2796E+01
   146.000  0.4354E+01  0.0000E+00  135.08  0.2759E+01
   147.000  0.4333E+01  0.0000E+00  136.33  0.2723E+01
   148.000  0.4312E+01  0.0000E+00  137.59  0.2687E+01
   149.000  0.4292E+01  0.0000E+00  138.85  0.2653E+01
   150.000  0.4272E+01  0.0000E+00  140.12  0.2620E+01
   151.000  0.4252E+01  0.0000E+00  141.40  0.2588E+01
   152.000  0.4233E+01  0.0000E+00  142.68  0.2557E+01
   153.000  0.4215E+01  0.0000E+00  143.96  0.2528E+01
   154.000  0.4197E+01  0.0000E+00  145.25  0.2499E+01
   155.000  0.4179E+01  0.0000E+00  146.54  0.2471E+01
   156.000  0.4163E+01  0.0000E+00  147.84  0.2445E+01
   157.000  0.4146E+01  0.0000E+00  149.15  0.2420E+01
   158.000  0.4131E+01  0.0000E+00  150.45  0.2396E+01
   159.000  0.4116E+01  0.0000E+00  151.77  0.2373E+01
   160.000  0.4101E+01  0.0000E+00  153.08  0.2351E+01
   161.000  0.4088E+01  0.0000E+00  154.40  0.2330E+01
   162.000  0.4074E+01  0.0000E+00  155.73  0.2310E+01
   163.000  0.4062E+01  0.0000E+00  157.05  0.2292E+01
   164.000  0.4050E+01  0.0000E+00  158.38  0.2274E+01
   165.000  0.4039E+01  0.0000E+00  159.72  0.2258E+01
   166.000  0.4029E+01  0.0000E+00  161.06  0.2242E+01
   167.000  0.4019E+01  0.0000E+00  162.40  0.2228E+01
   168.000  0.4010E+01  0.0000E+00  163.74  0.2215E+01
   169.000  0.4002E+01  0.0000E+00  165.09  0.2203E+01
   170.000  0.3994E+01  0.0000E+00  166.43  0.2191E+01
   171.000  0.3987E+01  0.0000E+00  167.78  0.2181E+01
   172.000  0.3981E+01  0.0000E+00  169.14  0.2173E+01
   173.000  0.3976E+01  0.0000E+00  170.49  0.2165E+01
   174.000  0.3971E+01  0.0000E+00  171.85  0.2158E+01
   175.000  0.3967E+01  0.0000E+00  173.20  0.2152E+01
   176.000  0.3964E+01  0.0000E+00  174.56  0.2147E+01
   177.000  0.3961E+01  0.0000E+00  175.92  0.2144E+01
   178.000  0.3959E+01  0.0000E+00  177.28  0.2141E+01
   179.000  0.3958E+01  0.0000E+00  178.64  0.2140E+01
   180.000  0.3958E+01  0.0000E+00  180.00  0.2139E+01
