     0.000  0.5375E+01  0.0000E+00    0.00  0.9293E+01
     1.000  0.5377E+01  0.0000E+00    0.76  0.9297E+01
     2.000  0.5385E+01  0.0000E+00    1.52  0.9308E+01
     3.000  0.5397E+01  0.0000E+00    2.28  0.9326E+01
     4.000  0.5413E+01  0.0000E+00    3.04  0.9351E+01
     5.000  0.5435E+01  0.0000E+00    3.80  0.9383E+01
     6.000  0.5461E+01  0.0000E+00    4.56  0.9423E+01
     7.000  0.5492E+01  0.0000E+00    5.33  0.9469E+01
     8.000  0.5528E+01  0.0000E+00    6.09  0.9522E+01
     9.000  0.5568E+01  0.0000E+00    6.85  0.9581E+01
    10.000  0.5612E+01  0.0000E+00    7.61  0.9647E+01
    11.000  0.5661E+01  0.0000E+00    8.37  0.9720E+01
    12.000  0.5714E+01  0.0000E+00    9.14  0.9798E+01
    13.000  0.5772E+01  0.0000E+00    9.90  0.9882E+01
    14.000  0.5833E+01  0.0000E+00   10.67  0.9972E+01
    15.000  0.5899E+01  0.0000E+00   11.43  0.1007E+02
    16.000  0.5968E+01  0.0000E+00   12.20  0.1017E+02
    17.000  0.6041E+01  0.0000E+00   12.96  0.1027E+02
    18.000  0.6118E+01  0.0000E+00   13.73  0.1038E+02
    19.000  0.6198E+01  0.0000E+00   14.50  0.1050E+02
    20.000  0.6282E+01  0.0000E+00   15.27  0.1061E+02
    21.000  0.6369E+01  0.0000E+00   16.04  0.1073E+02
    22.000  0.6459E+01  0.0000E+00   16.81  0.1086E+02
    23.000  0.6552E+01  0.0000E+00   17.58  0.1099E+02
    24.000  0.6648E+01  0.0000E+00   18.35  0.1112E+02
    25.000  0.6746E+01  0.0000E+00   19.12  0.1125E+02
    26.000  0.6847E+01  0.0000E+00   19.90  0.1138E+02
    27.000  0.6950E+01  0.0000E+00   20.67  0.1152E+02
    28.000  0.7056E+01  0.0000E+00   21.45  0.1166E+02
    29.000  0.7163E+01  0.0000E+00   22.23  0.1180E+02
    30.000  0.7273E+01  0.0000E+00   23.00  0.1194E+02
    31.000  0.7384E+01  0.0000E+00   23.78  0.1208E+02
    32.000  0.7496E+01  0.0000E+00   24.57  0.1222E+02
    33.000  0.7610E+01  0.0000E+00   25.35  0.1236E+02
    34.000  0.7726E+01  0.0000E+00   26.13  0.1249E+02
    35.000  0.7842E+01  0.0000E+00   26.92  0.1263E+02
    36.000  0.7959E+01  0.0000E+00   27.71  0.1277E+02
    37.000  0.8077E+01  0.0000E+00   28.49  0.1290E+02
    38.000  0.8196E+01  0.0000E+00   29.29  0.1304E+02
    39.000  0.8315E+01  0.0000E+00   30.08  0.1317E+02
    40.000  0.8434E+01  0.0000E+00   30.87  0.1330E+02
    41.000  0.8553E+01  0.0000E+00   31.67  0.1342E+02
    42.000  0.8673E+01  0.0000E+00   32.46  0.1355E+02
    43.000  0.8792E+01  0.0000E+00   33.26  0.1367E+02
    44.000  0.8911E+01  0.0000E+00   34.06  0.1378E+02
    45.000  0.9030E+01  0.0000E+00   34.87  0.1390E+02
    46.000  0.9148E+01  0.0000E+00   35.67  0.1400E+02
    47.000  0.9266E+01  0.0000E+00   36.48  0.1411E+02
    48.000  0.9382E+01  0.0000E+00   37.29  0.1421E+02
    49.000  0.9498E+01  0.0000E+00   38.10  0.1431E+02
    50.000  0.9613E+01  0.0000E+00   38.91  0.1440E+02
    51.000  0.9727E+01  0.0000E+00   39.73  0.1449E+02
    52.000  0.9839E+01  0.0000E+00   40.54  0.1457E+02
    53.000  0.9950E+01  0.0000E+00   41.36  0.1464E+02
    54.000  0.1006E+02  0.0000E+00   42.19  0.1472E+02
    55.000  0.1017E+02  0.0000E+00   43.01  0.1478E+02
    56.000  0.1027E+02  0.0000E+00   43.84  0.1484E+02
    57.000  0.1038E+02  0.0000E+00   44.67  0.1490E+02
    58.000  0.1048E+02  0.0000E+00   45.50  0.1495E+02
    59.000  0.1058E+02  0.0000E+00   46.34  0.1500E+02
    60.000  0.1068E+02  0.0000E+00   47.17  0.1504E+02
    61.000  0.1078E+02  0.0000E+00   48.01  0.1507E+02
    62.000  0.1087E+02  0.0000E+00   48.86  0.1510E+02
    63.000  0.1097E+02  0.0000E+00   49.70  0.1512E+02
    64.000  0.1106E+02  0.0000E+00   50.55  0.1514E+02
    65.000  0.1114E+02  0.0000E+00   51.40  0.1515E+02
    66.000  0.1123E+02  0.0000E+00   52.26  0.1515E+02
    67.000  0.1131E+02  0.0000E+00   53.11  0.1515E+02
    68.000  0.1139E+02  0.0000E+00   53.97  0.1515E+02
    69.000  0.1147E+02  0.0000E+00   54.84  0.1513E+02
    70.000  0.1154E+02  0.0000E+00   55.71  0.1512E+02
    71.000  0.1162E+02  0.0000E+00   56.58  0.1509E+02
    72.000  0.1169E+02  0.0000E+00   57.45  0.1506E+02
    73.000  0.1175E+02  0.0000E+00   58.33  0.1503E+02
    74.000  0.1182E+02  0.0000E+00   59.21  0.1499E+02
    75.000  0.1188E+02  0.0000E+00   60.09  0.1495E+02
    76.000  0.1193E+02  0.0000E+00   60.98  0.1489E+02
    77.000  0.1199E+02  0.0000E+00   61.87  0.1484E+02
    78.000  0.1204E+02  0.0000E+00   62.76  0.1478E+02
    79.000  0.1209E+02  0.0000E+00   63.66  0.1471E+02
    80.000  0.1213E+02  0.0000E+00   64.56  0.1464E+02
    81.000  0.1217E+02  0.0000E+00   65.47  0.1456E+02
    82.000  0.1221E+02  0.0000E+00   66.38  0.1448E+02
    83.000  0.1225E+02  0.0000E+00   67.29  0.1440E+02
    84.000  0.1228E+02  0.0000E+00   68.21  0.1430E+02
    85.000  0.1231E+02  0.0000E+00   69.13  0.1421E+02
    86.000  0.1233E+02  0.0000E+00   70.06  0.1411E+02
    87.000  0.1236E+02  0.0000E+00   70.99  0.1401E+02
    88.000  0.1237E+02  0.0000E+00   71.92  0.1390E+02
    89.000  0.1239E+02  0.0000E+00   72.86  0.1379E+02
    90.000  0.1240E+02  0.0000E+00   73.80  0.1367E+02
    91.000  0.1241E+02  0.0000E+00   74.75  0.1355E+02
    92.000  0.1241E+02  0.0000E+00   75.70  0.1343E+02
    93.000  0.1242E+02  0.0000E+00   76.65  0.1330E+02
    94.000  0.1241E+02  0.0000E+00   77.62  0.1317E+02
    95.000  0.1241E+02  0.0000E+00   78.58  0.1304E+02
    96.000  0.1240E+02  0.0000E+00   79.55  0.1290E+02
    97.000  0.1239E+02  0.0000E+00   80.52  0.1276E+02
    98.000  0.1237E+02  0.0000E+00   81.50  0.1262E+02
    99.000  0.1235E+02  0.0000E+00   82.49  0.1247E+02
   100.000  0.1233E+02  0.0000E+00   83.48  0.1233E+02
   101.000  0.1230E+02  0.0000E+00   84.47  0.1218E+02
   102.000  0.1227E+02  0.0000E+00   85.47  0.1203E+02
   103.000  0.1224E+02  0.0000E+00   86.47  0.1187E+02
   104.000  0.1220E+02  0.0000E+00   87.48  0.1172E+02
   105.000  0.1217E+02  0.0000E+00   88.50  0.1156E+02
   106.000  0.1212E+02  0.0000E+00   89.51  0.1140E+02
   107.000  0.1208E+02  0.0000E+00   90.54  0.1124E+02
   108.000  0.1203E+02  0.0000E+00   91.57  0.1108E+02
   109.000  0.1198E+02  0.0000E+00   92.60  0.1092E+02
   110.000  0.1192E+02  0.0000E+00   93.64  0.1076E+02
   111.000  0.1187E+02  0.0000E+00   94.69  0.1060E+02
   112.000  0.1181E+02  0.0000E+00   95.74  0.1044E+02
   113.000  0.1175E+02  0.0000E+00   96.80  0.1027E+02
   114.000  0.1168E+02  0.0000E+00   97.86  0.1011E+02
   115.000  0.1162E+02  0.0000E+00   98.93  0.9948E+01
   116.000  0.1155E+02  0.0000E+00  100.00  0.9785E+01
   117.000  0.1147E+02  0.0000E+00  101.08  0.9623E+01
   118.000  0.1140E+02  0.0000E+00  102.17  0.9461E+01
   119.000  0.1133E+02  0.0000E+00  103.26  0.9300E+01
   120.000  0.1125E+02  0.0000E+00  104.36  0.9140E+01
   121.000  0.1117E+02  0.0000E+00  105.46  0.8981E+01
   122.000  0.1109E+02  0.0000E+00  106.57  0.8824E+01
   123.000  0.1101E+02  0.0000E+00  107.69  0.8667E+01
   124.000  0.1092E+02  0.0000E+00  108.81  0.8512E+01
   125.000  0.1084E+02  0.0000E+00  109.93  0.8359E+01
   126.000  0.1075E+02  0.0000E+00  111.07  0.8207E+01
   127.000  0.1066E+02  0.0000E+00  112.20  0.8057E+01
   128.000  0.1058E+02  0.0000E+00  113.35  0.7909E+01
   129.000  0.1049E+02  0.0000E+00  114.50  0.7763E+01
   130.000  0.1040E+02  0.0000E+00  115.66  0.7619E+01
   131.000  0.1031E+02  0.0000E+00  116.82  0.7477E+01
   132.000  0.1022E+02  0.0000E+00  117.99  0.7338E+01
   133.000  0.1013E+02  0.0000E+00  119.16  0.7201E+01
   134.000  0.1004E+02  0.0000E+00  120.34  0.7066E+01
   135.000  0.9946E+01  0.0000E+00  121.53  0.6934E+01
   136.000  0.9856E+01  0.0000E+00  122.72  0.6805E+01
   137.000  0.9766E+01  0.0000E+00  123.92  0.6678E+01
   138.000  0.9676E+01  0.0000E+00  125.13  0.6554E+01
   139.000  0.9587E+01  0.0000E+00  126.34  0.6433E+01
   140.000  0.9499E+01  0.0000E+00  127.56  0.6315E+01
   141.000  0.9411E+01  0.0000E+00  128.78  0.6199E+01
   142.000  0.9324E+01  0.0000E+00  130.01  0.6087E+01
   143.000  0.9239E+01  0.0000E+00  131.24  0.5977E+01
   144.000  0.9154E+01  0.0000E+00  132.48  0.5871E+01
   145.000  0.9071E+01  0.0000E+00  133.73  0.5768E+01
   146.000  0.8989E+01  0.0000E+00  134.98  0.5667E+01
   147.000  0.8908E+01  0.0000E+00  136.23  0.5570E+01
   148.000  0.8829E+01  0.0000E+00  137.50  0.5475E+01
   149.000  0.8752E+01  0.0000E+00  138.76  0.5384E+01
   150.000  0.8676E+01  0.0000E+00  140.04  0.5296E+01
   151.000  0.8602E+01  0.0000E+00  141.31  0.5211E+01
   152.000  0.8530E+01  0.0000E+00  142.60  0.5129E+01
   153.000  0.8460E+01  0.0000E+00  143.88  0.5050E+01
   154.000  0.8391E+01  0.0000E+00  145.18  0.4974E+01
   155.000  0.8325E+01  0.0000E+00  146.48  0.4901E+01
   156.000  0.8261E+01  0.0000E+00  147.78  0.4831E+01
   157.000  0.8200E+01  0.0000E+00  149.08  0.4765E+01
   158.000  0.8140E+01  0.0000E+00  150.39  0.4701E+01
   159.000  0.8083E+01  0.0000E+00  151.71  0.4640E+01
   160.000  0.8028E+01  0.0000E+00  153.03  0.4582E+01
   161.000  0.7976E+01  0.0000E+00  154.35  0.4528E+01
   162.000  0.7926E+01  0.0000E+00  155.68  0.4476E+01
   163.000  0.7879E+01  0.0000E+00  157.01  0.4427E+01
   164.000  0.7834E+01  0.0000E+00  158.34  0.4381E+01
   165.000  0.7791E+01  0.0000E+00  159.68  0.4338E+01
   166.000  0.7752E+01  0.0000E+00  161.02  0.4298E+01
   167.000  0.7715E+01  0.0000E+00  162.36  0.4260E+01
   168.000  0.7680E+01  0.0000E+00  163.71  0.4226E+01
   169.000  0.7648E+01  0.0000E+00  165.06  0.4194E+01
   170.000  0.7619E+01  0.0000E+00  166.41  0.4165E+01
   171.000  0.7593E+01  0.0000E+00  167.76  0.4139E+01
   172.000  0.7569E+01  0.0000E+00  169.12  0.4116E+01
   173.000  0.7549E+01  0.0000E+00  170.47  0.4096E+01
   174.000  0.7530E+01  0.0000E+00  171.83  0.4078E+01
   175.000  0.7515E+01  0.0000E+00  173.19  0.4063E+01
   176.000  0.7503E+01  0.0000E+00  174.55  0.4051E+01
   177.000  0.7493E+01  0.0000E+00  175.91  0.4041E+01
   178.000  0.7486E+01  0.0000E+00  177.27  0.4034E+01
   179.000  0.7482E+01  0.0000E+00  178.64  0.4030E+01
   180.000  0.7480E+01  0.0000E+00  180.00  0.4029E+01
