     0.000  0.3126E+01  0.0000E+00    0.00  0.5343E+01
     1.000  0.3128E+01  0.0000E+00    0.76  0.5344E+01
     2.000  0.3131E+01  0.0000E+00    1.53  0.5350E+01
     3.000  0.3138E+01  0.0000E+00    2.30  0.5359E+01
     4.000  0.3146E+01  0.0000E+00    3.06  0.5372E+01
     5.000  0.3158E+01  0.0000E+00    3.83  0.5389E+01
     6.000  0.3171E+01  0.0000E+00    4.59  0.5409E+01
     7.000  0.3188E+01  0.0000E+00    5.36  0.5432E+01
     8.000  0.3206E+01  0.0000E+00    6.12  0.5459E+01
     9.000  0.3227E+01  0.0000E+00    6.89  0.5490E+01
    10.000  0.3251E+01  0.0000E+00    7.66  0.5524E+01
    11.000  0.3276E+01  0.0000E+00    8.42  0.5561E+01
    12.000  0.3304E+01  0.0000E+00    9.19  0.5601E+01
    13.000  0.3334E+01  0.0000E+00    9.96  0.5644E+01
    14.000  0.3366E+01  0.0000E+00   10.73  0.5689E+01
    15.000  0.3401E+01  0.0000E+00   11.50  0.5738E+01
    16.000  0.3437E+01  0.0000E+00   12.27  0.5789E+01
    17.000  0.3475E+01  0.0000E+00   13.04  0.5843E+01
    18.000  0.3516E+01  0.0000E+00   13.81  0.5899E+01
    19.000  0.3558E+01  0.0000E+00   14.58  0.5957E+01
    20.000  0.3602E+01  0.0000E+00   15.35  0.6018E+01
    21.000  0.3647E+01  0.0000E+00   16.13  0.6080E+01
    22.000  0.3694E+01  0.0000E+00   16.90  0.6144E+01
    23.000  0.3743E+01  0.0000E+00   17.68  0.6209E+01
    24.000  0.3793E+01  0.0000E+00   18.45  0.6276E+01
    25.000  0.3845E+01  0.0000E+00   19.23  0.6344E+01
    26.000  0.3898E+01  0.0000E+00   20.01  0.6413E+01
    27.000  0.3952E+01  0.0000E+00   20.79  0.6483E+01
    28.000  0.4008E+01  0.0000E+00   21.57  0.6554E+01
    29.000  0.4064E+01  0.0000E+00   22.35  0.6625E+01
    30.000  0.4122E+01  0.0000E+00   23.13  0.6696E+01
    31.000  0.4180E+01  0.0000E+00   23.92  0.6768E+01
    32.000  0.4239E+01  0.0000E+00   24.70  0.6840E+01
    33.000  0.4299E+01  0.0000E+00   25.49  0.6912E+01
    34.000  0.4360E+01  0.0000E+00   26.28  0.6983E+01
    35.000  0.4421E+01  0.0000E+00   27.07  0.7054E+01
    36.000  0.4483E+01  0.0000E+00   27.86  0.7124E+01
    37.000  0.4545E+01  0.0000E+00   28.65  0.7194E+01
    38.000  0.4608E+01  0.0000E+00   29.44  0.7262E+01
    39.000  0.4671E+01  0.0000E+00   30.24  0.7330E+01
    40.000  0.4734E+01  0.0000E+00   31.04  0.7396E+01
    41.000  0.4797E+01  0.0000E+00   31.83  0.7461E+01
    42.000  0.4860E+01  0.0000E+00   32.63  0.7525E+01
    43.000  0.4924E+01  0.0000E+00   33.44  0.7587E+01
    44.000  0.4987E+01  0.0000E+00   34.24  0.7647E+01
    45.000  0.5050E+01  0.0000E+00   35.05  0.7705E+01
    46.000  0.5113E+01  0.0000E+00   35.86  0.7762E+01
    47.000  0.5175E+01  0.0000E+00   36.67  0.7817E+01
    48.000  0.5237E+01  0.0000E+00   37.48  0.7869E+01
    49.000  0.5299E+01  0.0000E+00   38.29  0.7919E+01
    50.000  0.5360E+01  0.0000E+00   39.11  0.7967E+01
    51.000  0.5421E+01  0.0000E+00   39.93  0.8013E+01
    52.000  0.5481E+01  0.0000E+00   40.75  0.8056E+01
    53.000  0.5541E+01  0.0000E+00   41.57  0.8097E+01
    54.000  0.5600E+01  0.0000E+00   42.39  0.8135E+01
    55.000  0.5658E+01  0.0000E+00   43.22  0.8170E+01
    56.000  0.5716E+01  0.0000E+00   44.05  0.8203E+01
    57.000  0.5772E+01  0.0000E+00   44.88  0.8233E+01
    58.000  0.5828E+01  0.0000E+00   45.72  0.8260E+01
    59.000  0.5883E+01  0.0000E+00   46.55  0.8285E+01
    60.000  0.5937E+01  0.0000E+00   47.39  0.8306E+01
    61.000  0.5990E+01  0.0000E+00   48.24  0.8325E+01
    62.000  0.6042E+01  0.0000E+00   49.08  0.8341E+01
    63.000  0.6093E+01  0.0000E+00   49.93  0.8354E+01
    64.000  0.6142E+01  0.0000E+00   50.78  0.8364E+01
    65.000  0.6191E+01  0.0000E+00   51.63  0.8372E+01
    66.000  0.6238E+01  0.0000E+00   52.49  0.8376E+01
    67.000  0.6285E+01  0.0000E+00   53.35  0.8378E+01
    68.000  0.6330E+01  0.0000E+00   54.21  0.8376E+01
    69.000  0.6373E+01  0.0000E+00   55.08  0.8372E+01
    70.000  0.6416E+01  0.0000E+00   55.94  0.8365E+01
    71.000  0.6457E+01  0.0000E+00   56.82  0.8355E+01
    72.000  0.6497E+01  0.0000E+00   57.69  0.8342E+01
    73.000  0.6535E+01  0.0000E+00   58.57  0.8327E+01
    74.000  0.6573E+01  0.0000E+00   59.45  0.8308E+01
    75.000  0.6608E+01  0.0000E+00   60.33  0.8287E+01
    76.000  0.6642E+01  0.0000E+00   61.22  0.8263E+01
    77.000  0.6675E+01  0.0000E+00   62.11  0.8237E+01
    78.000  0.6706E+01  0.0000E+00   63.01  0.8207E+01
    79.000  0.6736E+01  0.0000E+00   63.91  0.8175E+01
    80.000  0.6764E+01  0.0000E+00   64.81  0.8141E+01
    81.000  0.6791E+01  0.0000E+00   65.72  0.8104E+01
    82.000  0.6816E+01  0.0000E+00   66.63  0.8065E+01
    83.000  0.6840E+01  0.0000E+00   67.54  0.8023E+01
    84.000  0.6862E+01  0.0000E+00   68.46  0.7978E+01
    85.000  0.6882E+01  0.0000E+00   69.38  0.7932E+01
    86.000  0.6901E+01  0.0000E+00   70.30  0.7883E+01
    87.000  0.6918E+01  0.0000E+00   71.23  0.7832E+01
    88.000  0.6934E+01  0.0000E+00   72.17  0.7778E+01
    89.000  0.6947E+01  0.0000E+00   73.11  0.7723E+01
    90.000  0.6960E+01  0.0000E+00   74.05  0.7666E+01
    91.000  0.6970E+01  0.0000E+00   74.99  0.7606E+01
    92.000  0.6979E+01  0.0000E+00   75.95  0.7545E+01
    93.000  0.6986E+01  0.0000E+00   76.90  0.7482E+01
    94.000  0.6992E+01  0.0000E+00   77.86  0.7417E+01
    95.000  0.6995E+01  0.0000E+00   78.82  0.7350E+01
    96.000  0.6998E+01  0.0000E+00   79.79  0.7282E+01
    97.000  0.6998E+01  0.0000E+00   80.77  0.7213E+01
    98.000  0.6997E+01  0.0000E+00   81.74  0.7141E+01
    99.000  0.6994E+01  0.0000E+00   82.73  0.7069E+01
   100.000  0.6990E+01  0.0000E+00   83.71  0.6995E+01
   101.000  0.6984E+01  0.0000E+00   84.71  0.6920E+01
   102.000  0.6976E+01  0.0000E+00   85.70  0.6844E+01
   103.000  0.6966E+01  0.0000E+00   86.71  0.6767E+01
   104.000  0.6956E+01  0.0000E+00   87.71  0.6689E+01
   105.000  0.6943E+01  0.0000E+00   88.73  0.6609E+01
   106.000  0.6929E+01  0.0000E+00   89.74  0.6530E+01
   107.000  0.6914E+01  0.0000E+00   90.77  0.6449E+01
   108.000  0.6897E+01  0.0000E+00   91.79  0.6368E+01
   109.000  0.6879E+01  0.0000E+00   92.83  0.6286E+01
   110.000  0.6859E+01  0.0000E+00   93.87  0.6204E+01
   111.000  0.6838E+01  0.0000E+00   94.91  0.6121E+01
   112.000  0.6815E+01  0.0000E+00   95.96  0.6039E+01
   113.000  0.6791E+01  0.0000E+00   97.01  0.5956E+01
   114.000  0.6766E+01  0.0000E+00   98.07  0.5872E+01
   115.000  0.6740E+01  0.0000E+00   99.14  0.5789E+01
   116.000  0.6713E+01  0.0000E+00  100.21  0.5706E+01
   117.000  0.6685E+01  0.0000E+00  101.29  0.5623E+01
   118.000  0.6655E+01  0.0000E+00  102.37  0.5540E+01
   119.000  0.6625E+01  0.0000E+00  103.46  0.5458E+01
   120.000  0.6593E+01  0.0000E+00  104.56  0.5376E+01
   121.000  0.6561E+01  0.0000E+00  105.66  0.5294E+01
   122.000  0.6528E+01  0.0000E+00  106.76  0.5213E+01
   123.000  0.6494E+01  0.0000E+00  107.87  0.5133E+01
   124.000  0.6459E+01  0.0000E+00  108.99  0.5053E+01
   125.000  0.6424E+01  0.0000E+00  110.12  0.4974E+01
   126.000  0.6388E+01  0.0000E+00  111.25  0.4895E+01
   127.000  0.6352E+01  0.0000E+00  112.38  0.4818E+01
   128.000  0.6315E+01  0.0000E+00  113.52  0.4741E+01
   129.000  0.6278E+01  0.0000E+00  114.67  0.4666E+01
   130.000  0.6240E+01  0.0000E+00  115.82  0.4591E+01
   131.000  0.6202E+01  0.0000E+00  116.98  0.4518E+01
   132.000  0.6164E+01  0.0000E+00  118.15  0.4446E+01
   133.000  0.6126E+01  0.0000E+00  119.32  0.4374E+01
   134.000  0.6087E+01  0.0000E+00  120.50  0.4305E+01
   135.000  0.6049E+01  0.0000E+00  121.68  0.4236E+01
   136.000  0.6011E+01  0.0000E+00  122.87  0.4169E+01
   137.000  0.5972E+01  0.0000E+00  124.07  0.4103E+01
   138.000  0.5934E+01  0.0000E+00  125.27  0.4038E+01
   139.000  0.5896E+01  0.0000E+00  126.48  0.3975E+01
   140.000  0.5859E+01  0.0000E+00  127.69  0.3913E+01
   141.000  0.5821E+01  0.0000E+00  128.91  0.3853E+01
   142.000  0.5784E+01  0.0000E+00  130.13  0.3794E+01
   143.000  0.5748E+01  0.0000E+00  131.36  0.3736E+01
   144.000  0.5712E+01  0.0000E+00  132.60  0.3681E+01
   145.000  0.5676E+01  0.0000E+00  133.84  0.3626E+01
   146.000  0.5641E+01  0.0000E+00  135.09  0.3573E+01
   147.000  0.5607E+01  0.0000E+00  136.34  0.3522E+01
   148.000  0.5573E+01  0.0000E+00  137.60  0.3473E+01
   149.000  0.5540E+01  0.0000E+00  138.87  0.3425E+01
   150.000  0.5508E+01  0.0000E+00  140.13  0.3378E+01
   151.000  0.5476E+01  0.0000E+00  141.41  0.3333E+01
   152.000  0.5445E+01  0.0000E+00  142.69  0.3290E+01
   153.000  0.5415E+01  0.0000E+00  143.97  0.3248E+01
   154.000  0.5386E+01  0.0000E+00  145.26  0.3208E+01
   155.000  0.5358E+01  0.0000E+00  146.56  0.3170E+01
   156.000  0.5331E+01  0.0000E+00  147.85  0.3133E+01
   157.000  0.5305E+01  0.0000E+00  149.16  0.3097E+01
   158.000  0.5280E+01  0.0000E+00  150.47  0.3063E+01
   159.000  0.5255E+01  0.0000E+00  151.78  0.3031E+01
   160.000  0.5232E+01  0.0000E+00  153.09  0.3001E+01
   161.000  0.5210E+01  0.0000E+00  154.41  0.2971E+01
   162.000  0.5189E+01  0.0000E+00  155.74  0.2944E+01
   163.000  0.5169E+01  0.0000E+00  157.06  0.2918E+01
   164.000  0.5150E+01  0.0000E+00  158.39  0.2893E+01
   165.000  0.5132E+01  0.0000E+00  159.73  0.2870E+01
   166.000  0.5115E+01  0.0000E+00  161.07  0.2849E+01
   167.000  0.5099E+01  0.0000E+00  162.41  0.2829E+01
   168.000  0.5085E+01  0.0000E+00  163.75  0.2811E+01
   169.000  0.5071E+01  0.0000E+00  165.09  0.2794E+01
   170.000  0.5059E+01  0.0000E+00  166.44  0.2778E+01
   171.000  0.5048E+01  0.0000E+00  167.79  0.2765E+01
   172.000  0.5038E+01  0.0000E+00  169.14  0.2752E+01
   173.000  0.5029E+01  0.0000E+00  170.50  0.2741E+01
   174.000  0.5021E+01  0.0000E+00  171.85  0.2732E+01
   175.000  0.5015E+01  0.0000E+00  173.21  0.2724E+01
   176.000  0.5009E+01  0.0000E+00  174.56  0.2717E+01
   177.000  0.5005E+01  0.0000E+00  175.92  0.2712E+01
   178.000  0.5002E+01  0.0000E+00  177.28  0.2708E+01
   179.000  0.5001E+01  0.0000E+00  178.64  0.2706E+01
   180.000  0.5000E+01  0.0000E+00  180.00  0.2705E+01
