     0.000  0.0000E+00  0.0000E+00    0.00  0.0000E+00
     1.000  0.1446E-02  0.0000E+00    0.77  0.0000E+00
     2.000  0.2893E-02  0.0000E+00    1.53  0.0000E+00
     3.000  0.4344E-02  0.0000E+00    2.30  0.0000E+00
     4.000  0.5800E-02  0.0000E+00    3.07  0.0000E+00
     5.000  0.7262E-02  0.0000E+00    3.83  0.0000E+00
     6.000  0.8732E-02  0.0000E+00    4.60  0.0000E+00
     7.000  0.1021E-01  0.0000E+00    5.37  0.0000E+00
     8.000  0.1170E-01  0.0000E+00    6.13  0.0000E+00
     9.000  0.1321E-01  0.0000E+00    6.90  0.0000E+00
    10.000  0.1473E-01  0.0000E+00    7.67  0.0000E+00
    11.000  0.1627E-01  0.0000E+00    8.44  0.0000E+00
    12.000  0.1782E-01  0.0000E+00    9.21  0.0000E+00
    13.000  0.1940E-01  0.0000E+00    9.98  0.0000E+00
    14.000  0.2100E-01  0.0000E+00   10.75  0.0000E+00
    15.000  0.2262E-01  0.0000E+00   11.52  0.0000E+00
    16.000  0.2427E-01  0.0000E+00   12.29  0.0000E+00
    17.000  0.2595E-01  0.0000E+00   13.06  0.0000E+00
    18.000  0.2766E-01  0.0000E+00   13.83  0.0000E+00
    19.000  0.2941E-01  0.0000E+00   14.61  0.0000E+00
    20.000  0.3118E-01  0.0000E+00   15.38  0.0000E+00
    21.000  0.3300E-01  0.0000E+00   16.16  0.0000E+00
    22.000  0.3485E-01  0.0000E+00   16.93  0.0000E+00
    23.000  0.3675E-01  0.0000E+00   17.71  0.0000E+00
    24.000  0.3868E-01  0.0000E+00   18.49  0.0000E+00
    25.000  0.4066E-01  0.0000E+00   19.26  0.0000E+00
    26.000  0.4269E-01  0.0000E+00   20.04  0.0000E+00
    27.000  0.4477E-01  0.0000E+00   20.82  0.0000E+00
    28.000  0.4690E-01  0.0000E+00   21.61  0.0000E+00
    29.000  0.4908E-01  0.0000E+00   22.39  0.0000E+00
    30.000  0.5132E-01  0.0000E+00   23.17  0.0000E+00
    31.000  0.5361E-01  0.0000E+00   23.96  0.0000E+00
    32.000  0.5596E-01  0.0000E+00   24.74  0.0000E+00
    33.000  0.5836E-01  0.0000E+00   25.53  0.0000E+00
    34.000  0.6083E-01  0.0000E+00   26.32  0.0000E+00
    35.000  0.6336E-01  0.0000E+00   27.11  0.0000E+00
    36.000  0.6596E-01  0.0000E+00   27.90  0.0000E+00
    37.000  0.6861E-01  0.0000E+00   28.70  0.0000E+00
    38.000  0.7134E-01  0.0000E+00   29.49  0.0000E+00
    39.000  0.7413E-01  0.0000E+00   30.29  0.0000E+00
    40.000  0.7698E-01  0.0000E+00   31.09  0.0000E+00
    41.000  0.7991E-01  0.0000E+00   31.89  0.0000E+00
    42.000  0.8290E-01  0.0000E+00   32.69  0.0000E+00
    43.000  0.8596E-01  0.0000E+00   33.49  0.0000E+00
    44.000  0.8910E-01  0.0000E+00   34.30  0.0000E+00
    45.000  0.9230E-01  0.0000E+00   35.10  0.0000E+00
    46.000  0.9557E-01  0.0000E+00   35.91  0.0000E+00
    47.000  0.9891E-01  0.0000E+00   36.72  0.0000E+00
    48.000  0.1023E+00  0.0000E+00   37.53  0.0000E+00
    49.000  0.1058E+00  0.0000E+00   38.35  0.0000E+00
    50.000  0.1093E+00  0.0000E+00   39.16  0.0000E+00
    51.000  0.1130E+00  0.0000E+00   39.98  0.0000E+00
    52.000  0.1167E+00  0.0000E+00   40.80  0.0000E+00
    53.000  0.1204E+00  0.0000E+00   41.63  0.0000E+00
    54.000  0.1242E+00  0.0000E+00   42.45  0.0000E+00
    55.000  0.1281E+00  0.0000E+00   43.28  0.0000E+00
    56.000  0.1321E+00  0.0000E+00   44.11  0.0000E+00
    57.000  0.1361E+00  0.0000E+00   44.94  0.0000E+00
    58.000  0.1401E+00  0.0000E+00   45.78  0.0000E+00
    59.000  0.1443E+00  0.0000E+00   46.62  0.0000E+00
    60.000  0.1485E+00  0.0000E+00   47.46  0.0000E+00
    61.000  0.1527E+00  0.0000E+00   48.30  0.0000E+00
    62.000  0.1570E+00  0.0000E+00   49.14  0.0000E+00
    63.000  0.1614E+00  0.0000E+00   49.99  0.0000E+00
    64.000  0.1658E+00  0.0000E+00   50.84  0.0000E+00
    65.000  0.1702E+00  0.0000E+00   51.70  0.0000E+00
    66.000  0.1747E+00  0.0000E+00   52.55  0.0000E+00
    67.000  0.1792E+00  0.0000E+00   53.41  0.0000E+00
    68.000  0.1838E+00  0.0000E+00   54.27  0.0000E+00
    69.000  0.1885E+00  0.0000E+00   55.14  0.0000E+00
    70.000  0.1931E+00  0.0000E+00   56.01  0.0000E+00
    71.000  0.1978E+00  0.0000E+00   56.88  0.0000E+00
    72.000  0.2025E+00  0.0000E+00   57.75  0.0000E+00
    73.000  0.2073E+00  0.0000E+00   58.63  0.0000E+00
    74.000  0.2120E+00  0.0000E+00   59.51  0.0000E+00
    75.000  0.2168E+00  0.0000E+00   60.40  0.0000E+00
    76.000  0.2217E+00  0.0000E+00   61.28  0.0000E+00
    77.000  0.2265E+00  0.0000E+00   62.18  0.0000E+00
    78.000  0.2313E+00  0.0000E+00   63.07  0.0000E+00
    79.000  0.2362E+00  0.0000E+00   63.97  0.0000E+00
    80.000  0.2411E+00  0.0000E+00   64.87  0.0000E+00
    81.000  0.2459E+00  0.0000E+00   65.78  0.0000E+00
    82.000  0.2508E+00  0.0000E+00   66.69  0.0000E+00
    83.000  0.2557E+00  0.0000E+00   67.60  0.0000E+00
    84.000  0.2605E+00  0.0000E+00   68.52  0.0000E+00
    85.000  0.2654E+00  0.0000E+00   69.44  0.0000E+00
    86.000  0.2702E+00  0.0000E+00   70.36  0.0000E+00
    87.000  0.2751E+00  0.0000E+00   71.29  0.0000E+00
    88.000  0.2799E+00  0.0000E+00   72.22  0.0000E+00
    89.000  0.2847E+00  0.0000E+00   73.16  0.0000E+00
    90.000  0.2894E+00  0.0000E+00   74.10  0.0000E+00
    91.000  0.2942E+00  0.0000E+00   75.05  0.0000E+00
    92.000  0.2989E+00  0.0000E+00   76.00  0.0000E+00
    93.000  0.3036E+00  0.0000E+00   76.95  0.0000E+00
    94.000  0.3082E+00  0.0000E+00   77.91  0.0000E+00
    95.000  0.3128E+00  0.0000E+00   78.87  0.0000E+00
    96.000  0.3173E+00  0.0000E+00   79.84  0.0000E+00
    97.000  0.3218E+00  0.0000E+00   80.81  0.0000E+00
    98.000  0.3263E+00  0.0000E+00   81.79  0.0000E+00
    99.000  0.3307E+00  0.0000E+00   82.77  0.0000E+00
   100.000  0.3350E+00  0.0000E+00   83.76  0.0000E+00
   101.000  0.3392E+00  0.0000E+00   84.75  0.0000E+00
   102.000  0.3434E+00  0.0000E+00   85.75  0.0000E+00
   103.000  0.3476E+00  0.0000E+00   86.75  0.0000E+00
   104.000  0.3516E+00  0.0000E+00   87.75  0.0000E+00
   105.000  0.3556E+00  0.0000E+00   88.76  0.0000E+00
   106.000  0.3594E+00  0.0000E+00   89.78  0.0000E+00
   107.000  0.3632E+00  0.0000E+00   90.80  0.0000E+00
   108.000  0.3669E+00  0.0000E+00   91.83  0.0000E+00
   109.000  0.3705E+00  0.0000E+00   92.86  0.0000E+00
   110.000  0.3739E+00  0.0000E+00   93.90  0.0000E+00
   111.000  0.3773E+00  0.0000E+00   94.94  0.0000E+00
   112.000  0.3805E+00  0.0000E+00   95.99  0.0000E+00
   113.000  0.3836E+00  0.0000E+00   97.04  0.0000E+00
   114.000  0.3866E+00  0.0000E+00   98.10  0.0000E+00
   115.000  0.3895E+00  0.0000E+00   99.17  0.0000E+00
   116.000  0.3922E+00  0.0000E+00  100.24  0.0000E+00
   117.000  0.3947E+00  0.0000E+00  101.31  0.0000E+00
   118.000  0.3971E+00  0.0000E+00  102.39  0.0000E+00
   119.000  0.3993E+00  0.0000E+00  103.48  0.0000E+00
   120.000  0.4014E+00  0.0000E+00  104.57  0.0000E+00
   121.000  0.4032E+00  0.0000E+00  105.67  0.0000E+00
   122.000  0.4049E+00  0.0000E+00  106.78  0.0000E+00
   123.000  0.4064E+00  0.0000E+00  107.89  0.0000E+00
   124.000  0.4077E+00  0.0000E+00  109.00  0.0000E+00
   125.000  0.4087E+00  0.0000E+00  110.13  0.0000E+00
   126.000  0.4096E+00  0.0000E+00  111.26  0.0000E+00
   127.000  0.4102E+00  0.0000E+00  112.39  0.0000E+00
   128.000  0.4106E+00  0.0000E+00  113.53  0.0000E+00
   129.000  0.4107E+00  0.0000E+00  114.68  0.0000E+00
   130.000  0.4106E+00  0.0000E+00  115.83  0.0000E+00
   131.000  0.4102E+00  0.0000E+00  116.99  0.0000E+00
   132.000  0.4096E+00  0.0000E+00  118.15  0.0000E+00
   133.000  0.4087E+00  0.0000E+00  119.32  0.0000E+00
   134.000  0.4074E+00  0.0000E+00  120.50  0.0000E+00
   135.000  0.4059E+00  0.0000E+00  121.68  0.0000E+00
   136.000  0.4041E+00  0.0000E+00  122.87  0.0000E+00
   137.000  0.4020E+00  0.0000E+00  124.06  0.0000E+00
   138.000  0.3995E+00  0.0000E+00  125.26  0.0000E+00
   139.000  0.3967E+00  0.0000E+00  126.47  0.0000E+00
   140.000  0.3936E+00  0.0000E+00  127.68  0.0000E+00
   141.000  0.3902E+00  0.0000E+00  128.90  0.0000E+00
   142.000  0.3864E+00  0.0000E+00  130.13  0.0000E+00
   143.000  0.3822E+00  0.0000E+00  131.36  0.0000E+00
   144.000  0.3777E+00  0.0000E+00  132.59  0.0000E+00
   145.000  0.3729E+00  0.0000E+00  133.83  0.0000E+00
   146.000  0.3677E+00  0.0000E+00  135.08  0.0000E+00
   147.000  0.3621E+00  0.0000E+00  136.33  0.0000E+00
   148.000  0.3561E+00  0.0000E+00  137.59  0.0000E+00
   149.000  0.3498E+00  0.0000E+00  138.85  0.0000E+00
   150.000  0.3431E+00  0.0000E+00  140.12  0.0000E+00
   151.000  0.3360E+00  0.0000E+00  141.40  0.0000E+00
   152.000  0.3285E+00  0.0000E+00  142.68  0.0000E+00
   153.000  0.3207E+00  0.0000E+00  143.96  0.0000E+00
   154.000  0.3125E+00  0.0000E+00  145.25  0.0000E+00
   155.000  0.3040E+00  0.0000E+00  146.54  0.0000E+00
   156.000  0.2951E+00  0.0000E+00  147.84  0.0000E+00
   157.000  0.2858E+00  0.0000E+00  149.15  0.0000E+00
   158.000  0.2762E+00  0.0000E+00  150.45  0.0000E+00
   159.000  0.2663E+00  0.0000E+00  151.77  0.0000E+00
   160.000  0.2560E+00  0.0000E+00  153.08  0.0000E+00
   161.000  0.2454E+00  0.0000E+00  154.40  0.0000E+00
   162.000  0.2344E+00  0.0000E+00  155.73  0.0000E+00
   163.000  0.2232E+00  0.0000E+00  157.05  0.0000E+00
   164.000  0.2117E+00  0.0000E+00  158.38  0.0000E+00
   165.000  0.1999E+00  0.0000E+00  159.72  0.0000E+00
   166.000  0.1878E+00  0.0000E+00  161.06  0.0000E+00
   167.000  0.1755E+00  0.0000E+00  162.40  0.0000E+00
   168.000  0.1630E+00  0.0000E+00  163.74  0.0000E+00
   169.000  0.1502E+00  0.0000E+00  165.09  0.0000E+00
   170.000  0.1372E+00  0.0000E+00  166.43  0.0000E+00
   171.000  0.1241E+00  0.0000E+00  167.78  0.0000E+00
   172.000  0.1107E+00  0.0000E+00  169.14  0.0000E+00
   173.000  0.9722E-01  0.0000E+00  170.49  0.0000E+00
   174.000  0.8359E-01  0.0000E+00  171.85  0.0000E+00
   175.000  0.6984E-01  0.0000E+00  173.20  0.0000E+00
   176.000  0.5599E-01  0.0000E+00  174.56  0.0000E+00
   177.000  0.4207E-01  0.0000E+00  175.92  0.0000E+00
   178.000  0.2808E-01  0.0000E+00  177.28  0.0000E+00
   179.000  0.1406E-01  0.0000E+00  178.64  0.0000E+00
   180.000  0.1333E-04  0.0000E+00  180.00  0.0000E+00
