     0.000  0.0000E+00  0.0000E+00    0.00  0.0000E+00
     1.000 -0.1717E-03  0.0000E+00    0.76  0.0000E+00
     2.000 -0.3378E-03  0.0000E+00    1.53  0.0000E+00
     3.000 -0.4931E-03  0.0000E+00    2.30  0.0000E+00
     4.000 -0.6319E-03  0.0000E+00    3.06  0.0000E+00
     5.000 -0.7490E-03  0.0000E+00    3.83  0.0000E+00
     6.000 -0.8397E-03  0.0000E+00    4.59  0.0000E+00
     7.000 -0.8982E-03  0.0000E+00    5.36  0.0000E+00
     8.000 -0.9202E-03  0.0000E+00    6.12  0.0000E+00
     9.000 -0.9005E-03  0.0000E+00    6.89  0.0000E+00
    10.000 -0.8351E-03  0.0000E+00    7.66  0.0000E+00
    11.000 -0.7198E-03  0.0000E+00    8.42  0.0000E+00
    12.000 -0.5500E-03  0.0000E+00    9.19  0.0000E+00
    13.000 -0.3222E-03  0.0000E+00    9.96  0.0000E+00
    14.000 -0.3292E-04  0.0000E+00   10.73  0.0000E+00
    15.000  0.3217E-03  0.0000E+00   11.50  0.0000E+00
    16.000  0.7441E-03  0.0000E+00   12.27  0.0000E+00
    17.000  0.1237E-02  0.0000E+00   13.04  0.0000E+00
    18.000  0.1805E-02  0.0000E+00   13.81  0.0000E+00
    19.000  0.2448E-02  0.0000E+00   14.58  0.0000E+00
    20.000  0.3170E-02  0.0000E+00   15.35  0.0000E+00
    21.000  0.3973E-02  0.0000E+00   16.13  0.0000E+00
    22.000  0.4858E-02  0.0000E+00   16.90  0.0000E+00
    23.000  0.5827E-02  0.0000E+00   17.68  0.0000E+00
    24.000  0.6883E-02  0.0000E+00   18.45  0.0000E+00
    25.000  0.8026E-02  0.0000E+00   19.23  0.0000E+00
    26.000  0.9257E-02  0.0000E+00   20.01  0.0000E+00
    27.000  0.1058E-01  0.0000E+00   20.79  0.0000E+00
    28.000  0.1199E-01  0.0000E+00   21.57  0.0000E+00
    29.000  0.1350E-01  0.0000E+00   22.35  0.0000E+00
    30.000  0.1509E-01  0.0000E+00   23.13  0.0000E+00
    31.000  0.1679E-01  0.0000E+00   23.92  0.0000E+00
    32.000  0.1857E-01  0.0000E+00   24.70  0.0000E+00
    33.000  0.2045E-01  0.0000E+00   25.49  0.0000E+00
    34.000  0.2243E-01  0.0000E+00   26.28  0.0000E+00
    35.000  0.2450E-01  0.0000E+00   27.07  0.0000E+00
    36.000  0.2667E-01  0.0000E+00   27.86  0.0000E+00
    37.000  0.2894E-01  0.0000E+00   28.65  0.0000E+00
    38.000  0.3130E-01  0.0000E+00   29.44  0.0000E+00
    39.000  0.3376E-01  0.0000E+00   30.24  0.0000E+00
    40.000  0.3632E-01  0.0000E+00   31.04  0.0000E+00
    41.000  0.3897E-01  0.0000E+00   31.83  0.0000E+00
    42.000  0.4172E-01  0.0000E+00   32.63  0.0000E+00
    43.000  0.4457E-01  0.0000E+00   33.44  0.0000E+00
    44.000  0.4751E-01  0.0000E+00   34.24  0.0000E+00
    45.000  0.5055E-01  0.0000E+00   35.05  0.0000E+00
    46.000  0.5369E-01  0.0000E+00   35.86  0.0000E+00
    47.000  0.5692E-01  0.0000E+00   36.67  0.0000E+00
    48.000  0.6024E-01  0.0000E+00   37.48  0.0000E+00
    49.000  0.6366E-01  0.0000E+00   38.29  0.0000E+00
    50.000  0.6716E-01  0.0000E+00   39.11  0.0000E+00
    51.000  0.7076E-01  0.0000E+00   39.93  0.0000E+00
    52.000  0.7445E-01  0.0000E+00   40.75  0.0000E+00
    53.000  0.7822E-01  0.0000E+00   41.57  0.0000E+00
    54.000  0.8209E-01  0.0000E+00   42.39  0.0000E+00
    55.000  0.8604E-01  0.0000E+00   43.22  0.0000E+00
    56.000  0.9007E-01  0.0000E+00   44.05  0.0000E+00
    57.000  0.9418E-01  0.0000E+00   44.88  0.0000E+00
    58.000  0.9838E-01  0.0000E+00   45.72  0.0000E+00
    59.000  0.1026E+00  0.0000E+00   46.55  0.0000E+00
    60.000  0.1070E+00  0.0000E+00   47.39  0.0000E+00
    61.000  0.1114E+00  0.0000E+00   48.24  0.0000E+00
    62.000  0.1159E+00  0.0000E+00   49.08  0.0000E+00
    63.000  0.1205E+00  0.0000E+00   49.93  0.0000E+00
    64.000  0.1251E+00  0.0000E+00   50.78  0.0000E+00
    65.000  0.1298E+00  0.0000E+00   51.63  0.0000E+00
    66.000  0.1346E+00  0.0000E+00   52.49  0.0000E+00
    67.000  0.1394E+00  0.0000E+00   53.35  0.0000E+00
    68.000  0.1442E+00  0.0000E+00   54.21  0.0000E+00
    69.000  0.1492E+00  0.0000E+00   55.08  0.0000E+00
    70.000  0.1541E+00  0.0000E+00   55.94  0.0000E+00
    71.000  0.1592E+00  0.0000E+00   56.82  0.0000E+00
    72.000  0.1642E+00  0.0000E+00   57.69  0.0000E+00
    73.000  0.1693E+00  0.0000E+00   58.57  0.0000E+00
    74.000  0.1745E+00  0.0000E+00   59.45  0.0000E+00
    75.000  0.1797E+00  0.0000E+00   60.33  0.0000E+00
    76.000  0.1849E+00  0.0000E+00   61.22  0.0000E+00
    77.000  0.1901E+00  0.0000E+00   62.11  0.0000E+00
    78.000  0.1954E+00  0.0000E+00   63.01  0.0000E+00
    79.000  0.2007E+00  0.0000E+00   63.91  0.0000E+00
    80.000  0.2060E+00  0.0000E+00   64.81  0.0000E+00
    81.000  0.2113E+00  0.0000E+00   65.72  0.0000E+00
    82.000  0.2166E+00  0.0000E+00   66.63  0.0000E+00
    83.000  0.2220E+00  0.0000E+00   67.54  0.0000E+00
    84.000  0.2273E+00  0.0000E+00   68.46  0.0000E+00
    85.000  0.2327E+00  0.0000E+00   69.38  0.0000E+00
    86.000  0.2380E+00  0.0000E+00   70.30  0.0000E+00
    87.000  0.2434E+00  0.0000E+00   71.23  0.0000E+00
    88.000  0.2487E+00  0.0000E+00   72.17  0.0000E+00
    89.000  0.2540E+00  0.0000E+00   73.11  0.0000E+00
    90.000  0.2594E+00  0.0000E+00   74.05  0.0000E+00
    91.000  0.2647E+00  0.0000E+00   74.99  0.0000E+00
    92.000  0.2699E+00  0.0000E+00   75.95  0.0000E+00
    93.000  0.2752E+00  0.0000E+00   76.90  0.0000E+00
    94.000  0.2804E+00  0.0000E+00   77.86  0.0000E+00
    95.000  0.2856E+00  0.0000E+00   78.82  0.0000E+00
    96.000  0.2908E+00  0.0000E+00   79.79  0.0000E+00
    97.000  0.2959E+00  0.0000E+00   80.77  0.0000E+00
    98.000  0.3009E+00  0.0000E+00   81.74  0.0000E+00
    99.000  0.3060E+00  0.0000E+00   82.73  0.0000E+00
   100.000  0.3110E+00  0.0000E+00   83.71  0.0000E+00
   101.000  0.3159E+00  0.0000E+00   84.71  0.0000E+00
   102.000  0.3208E+00  0.0000E+00   85.70  0.0000E+00
   103.000  0.3256E+00  0.0000E+00   86.71  0.0000E+00
   104.000  0.3303E+00  0.0000E+00   87.71  0.0000E+00
   105.000  0.3350E+00  0.0000E+00   88.73  0.0000E+00
   106.000  0.3395E+00  0.0000E+00   89.74  0.0000E+00
   107.000  0.3441E+00  0.0000E+00   90.77  0.0000E+00
   108.000  0.3485E+00  0.0000E+00   91.79  0.0000E+00
   109.000  0.3528E+00  0.0000E+00   92.83  0.0000E+00
   110.000  0.3570E+00  0.0000E+00   93.87  0.0000E+00
   111.000  0.3612E+00  0.0000E+00   94.91  0.0000E+00
   112.000  0.3652E+00  0.0000E+00   95.96  0.0000E+00
   113.000  0.3691E+00  0.0000E+00   97.01  0.0000E+00
   114.000  0.3729E+00  0.0000E+00   98.07  0.0000E+00
   115.000  0.3766E+00  0.0000E+00   99.14  0.0000E+00
   116.000  0.3801E+00  0.0000E+00  100.21  0.0000E+00
   117.000  0.3835E+00  0.0000E+00  101.29  0.0000E+00
   118.000  0.3867E+00  0.0000E+00  102.37  0.0000E+00
   119.000  0.3898E+00  0.0000E+00  103.46  0.0000E+00
   120.000  0.3927E+00  0.0000E+00  104.56  0.0000E+00
   121.000  0.3955E+00  0.0000E+00  105.66  0.0000E+00
   122.000  0.3980E+00  0.0000E+00  106.76  0.0000E+00
   123.000  0.4004E+00  0.0000E+00  107.87  0.0000E+00
   124.000  0.4026E+00  0.0000E+00  108.99  0.0000E+00
   125.000  0.4046E+00  0.0000E+00  110.12  0.0000E+00
   126.000  0.4063E+00  0.0000E+00  111.25  0.0000E+00
   127.000  0.4078E+00  0.0000E+00  112.38  0.0000E+00
   128.000  0.4091E+00  0.0000E+00  113.52  0.0000E+00
   129.000  0.4102E+00  0.0000E+00  114.67  0.0000E+00
   130.000  0.4109E+00  0.0000E+00  115.82  0.0000E+00
   131.000  0.4115E+00  0.0000E+00  116.98  0.0000E+00
   132.000  0.4117E+00  0.0000E+00  118.15  0.0000E+00
   133.000  0.4116E+00  0.0000E+00  119.32  0.0000E+00
   134.000  0.4113E+00  0.0000E+00  120.50  0.0000E+00
   135.000  0.4106E+00  0.0000E+00  121.68  0.0000E+00
   136.000  0.4097E+00  0.0000E+00  122.87  0.0000E+00
   137.000  0.4084E+00  0.0000E+00  124.07  0.0000E+00
   138.000  0.4067E+00  0.0000E+00  125.27  0.0000E+00
   139.000  0.4047E+00  0.0000E+00  126.48  0.0000E+00
   140.000  0.4024E+00  0.0000E+00  127.69  0.0000E+00
   141.000  0.3996E+00  0.0000E+00  128.91  0.0000E+00
   142.000  0.3965E+00  0.0000E+00  130.13  0.0000E+00
   143.000  0.3931E+00  0.0000E+00  131.36  0.0000E+00
   144.000  0.3892E+00  0.0000E+00  132.60  0.0000E+00
   145.000  0.3849E+00  0.0000E+00  133.84  0.0000E+00
   146.000  0.3802E+00  0.0000E+00  135.09  0.0000E+00
   147.000  0.3752E+00  0.0000E+00  136.34  0.0000E+00
   148.000  0.3697E+00  0.0000E+00  137.60  0.0000E+00
   149.000  0.3637E+00  0.0000E+00  138.87  0.0000E+00
   150.000  0.3574E+00  0.0000E+00  140.13  0.0000E+00
   151.000  0.3506E+00  0.0000E+00  141.41  0.0000E+00
   152.000  0.3435E+00  0.0000E+00  142.69  0.0000E+00
   153.000  0.3358E+00  0.0000E+00  143.97  0.0000E+00
   154.000  0.3278E+00  0.0000E+00  145.26  0.0000E+00
   155.000  0.3193E+00  0.0000E+00  146.56  0.0000E+00
   156.000  0.3104E+00  0.0000E+00  147.85  0.0000E+00
   157.000  0.3012E+00  0.0000E+00  149.16  0.0000E+00
   158.000  0.2914E+00  0.0000E+00  150.47  0.0000E+00
   159.000  0.2813E+00  0.0000E+00  151.78  0.0000E+00
   160.000  0.2708E+00  0.0000E+00  153.09  0.0000E+00
   161.000  0.2599E+00  0.0000E+00  154.41  0.0000E+00
   162.000  0.2487E+00  0.0000E+00  155.74  0.0000E+00
   163.000  0.2370E+00  0.0000E+00  157.06  0.0000E+00
   164.000  0.2251E+00  0.0000E+00  158.39  0.0000E+00
   165.000  0.2127E+00  0.0000E+00  159.73  0.0000E+00
   166.000  0.2001E+00  0.0000E+00  161.07  0.0000E+00
   167.000  0.1872E+00  0.0000E+00  162.41  0.0000E+00
   168.000  0.1739E+00  0.0000E+00  163.75  0.0000E+00
   169.000  0.1604E+00  0.0000E+00  165.09  0.0000E+00
   170.000  0.1467E+00  0.0000E+00  166.44  0.0000E+00
   171.000  0.1327E+00  0.0000E+00  167.79  0.0000E+00
   172.000  0.1185E+00  0.0000E+00  169.14  0.0000E+00
   173.000  0.1041E+00  0.0000E+00  170.50  0.0000E+00
   174.000  0.8955E-01  0.0000E+00  171.85  0.0000E+00
   175.000  0.7485E-01  0.0000E+00  173.21  0.0000E+00
   176.000  0.6003E-01  0.0000E+00  174.56  0.0000E+00
   177.000  0.4511E-01  0.0000E+00  175.92  0.0000E+00
   178.000  0.3012E-01  0.0000E+00  177.28  0.0000E+00
   179.000  0.1508E-01  0.0000E+00  178.64  0.0000E+00
   180.000  0.1510E-04  0.0000E+00  180.00  0.0000E+00
