     0.000  0.0000E+00  0.0000E+00    0.00  0.0000E+00
     1.000 -0.1621E-02  0.0000E+00    0.76  0.0000E+00
     2.000 -0.3234E-02  0.0000E+00    1.53  0.0000E+00
     3.000 -0.4828E-02  0.0000E+00    2.29  0.0000E+00
     4.000 -0.6395E-02  0.0000E+00    3.05  0.0000E+00
     5.000 -0.7925E-02  0.0000E+00    3.82  0.0000E+00
     6.000 -0.9412E-02  0.0000E+00    4.58  0.0000E+00
     7.000 -0.1085E-01  0.0000E+00    5.34  0.0000E+00
     8.000 -0.1222E-01  0.0000E+00    6.11  0.0000E+00
     9.000 -0.1353E-01  0.0000E+00    6.87  0.0000E+00
    10.000 -0.1476E-01  0.0000E+00    7.64  0.0000E+00
    11.000 -0.1591E-01  0.0000E+00    8.40  0.0000E+00
    12.000 -0.1697E-01  0.0000E+00    9.17  0.0000E+00
    13.000 -0.1794E-01  0.0000E+00    9.93  0.0000E+00
    14.000 -0.1882E-01  0.0000E+00   10.70  0.0000E+00
    15.000 -0.1959E-01  0.0000E+00   11.47  0.0000E+00
    16.000 -0.2025E-01  0.0000E+00   12.24  0.0000E+00
    17.000 -0.2081E-01  0.0000E+00   13.00  0.0000E+00
    18.000 -0.2125E-01  0.0000E+00   13.77  0.0000E+00
    19.000 -0.2158E-01  0.0000E+00   14.54  0.0000E+00
    20.000 -0.2179E-01  0.0000E+00   15.31  0.0000E+00
    21.000 -0.2188E-01  0.0000E+00   16.09  0.0000E+00
    22.000 -0.2185E-01  0.0000E+00   16.86  0.0000E+00
    23.000 -0.2169E-01  0.0000E+00   17.63  0.0000E+00
    24.000 -0.2141E-01  0.0000E+00   18.41  0.0000E+00
    25.000 -0.2101E-01  0.0000E+00   19.18  0.0000E+00
    26.000 -0.2048E-01  0.0000E+00   19.96  0.0000E+00
    27.000 -0.1982E-01  0.0000E+00   20.74  0.0000E+00
    28.000 -0.1904E-01  0.0000E+00   21.51  0.0000E+00
    29.000 -0.1813E-01  0.0000E+00   22.29  0.0000E+00
    30.000 -0.1710E-01  0.0000E+00   23.07  0.0000E+00
    31.000 -0.1594E-01  0.0000E+00   23.86  0.0000E+00
    32.000 -0.1465E-01  0.0000E+00   24.64  0.0000E+00
    33.000 -0.1324E-01  0.0000E+00   25.43  0.0000E+00
    34.000 -0.1170E-01  0.0000E+00   26.21  0.0000E+00
    35.000 -0.1003E-01  0.0000E+00   27.00  0.0000E+00
    36.000 -0.8242E-02  0.0000E+00   27.79  0.0000E+00
    37.000 -0.6327E-02  0.0000E+00   28.58  0.0000E+00
    38.000 -0.4290E-02  0.0000E+00   29.37  0.0000E+00
    39.000 -0.2129E-02  0.0000E+00   30.17  0.0000E+00
    40.000  0.1524E-03  0.0000E+00   30.96  0.0000E+00
    41.000  0.2557E-02  0.0000E+00   31.76  0.0000E+00
    42.000  0.5081E-02  0.0000E+00   32.56  0.0000E+00
    43.000  0.7725E-02  0.0000E+00   33.36  0.0000E+00
    44.000  0.1049E-01  0.0000E+00   34.16  0.0000E+00
    45.000  0.1337E-01  0.0000E+00   34.97  0.0000E+00
    46.000  0.1637E-01  0.0000E+00   35.77  0.0000E+00
    47.000  0.1948E-01  0.0000E+00   36.58  0.0000E+00
    48.000  0.2270E-01  0.0000E+00   37.39  0.0000E+00
    49.000  0.2604E-01  0.0000E+00   38.20  0.0000E+00
    50.000  0.2949E-01  0.0000E+00   39.02  0.0000E+00
    51.000  0.3305E-01  0.0000E+00   39.84  0.0000E+00
    52.000  0.3672E-01  0.0000E+00   40.66  0.0000E+00
    53.000  0.4049E-01  0.0000E+00   41.48  0.0000E+00
    54.000  0.4437E-01  0.0000E+00   42.30  0.0000E+00
    55.000  0.4835E-01  0.0000E+00   43.13  0.0000E+00
    56.000  0.5242E-01  0.0000E+00   43.96  0.0000E+00
    57.000  0.5660E-01  0.0000E+00   44.79  0.0000E+00
    58.000  0.6088E-01  0.0000E+00   45.62  0.0000E+00
    59.000  0.6524E-01  0.0000E+00   46.46  0.0000E+00
    60.000  0.6970E-01  0.0000E+00   47.30  0.0000E+00
    61.000  0.7425E-01  0.0000E+00   48.14  0.0000E+00
    62.000  0.7888E-01  0.0000E+00   48.98  0.0000E+00
    63.000  0.8360E-01  0.0000E+00   49.83  0.0000E+00
    64.000  0.8839E-01  0.0000E+00   50.68  0.0000E+00
    65.000  0.9327E-01  0.0000E+00   51.53  0.0000E+00
    66.000  0.9822E-01  0.0000E+00   52.39  0.0000E+00
    67.000  0.1032E+00  0.0000E+00   53.25  0.0000E+00
    68.000  0.1083E+00  0.0000E+00   54.11  0.0000E+00
    69.000  0.1135E+00  0.0000E+00   54.97  0.0000E+00
    70.000  0.1187E+00  0.0000E+00   55.84  0.0000E+00
    71.000  0.1240E+00  0.0000E+00   56.71  0.0000E+00
    72.000  0.1293E+00  0.0000E+00   57.58  0.0000E+00
    73.000  0.1347E+00  0.0000E+00   58.46  0.0000E+00
    74.000  0.1401E+00  0.0000E+00   59.34  0.0000E+00
    75.000  0.1456E+00  0.0000E+00   60.23  0.0000E+00
    76.000  0.1511E+00  0.0000E+00   61.12  0.0000E+00
    77.000  0.1567E+00  0.0000E+00   62.01  0.0000E+00
    78.000  0.1623E+00  0.0000E+00   62.90  0.0000E+00
    79.000  0.1679E+00  0.0000E+00   63.80  0.0000E+00
    80.000  0.1736E+00  0.0000E+00   64.70  0.0000E+00
    81.000  0.1793E+00  0.0000E+00   65.61  0.0000E+00
    82.000  0.1850E+00  0.0000E+00   66.52  0.0000E+00
    83.000  0.1907E+00  0.0000E+00   67.43  0.0000E+00
    84.000  0.1964E+00  0.0000E+00   68.35  0.0000E+00
    85.000  0.2022E+00  0.0000E+00   69.27  0.0000E+00
    86.000  0.2079E+00  0.0000E+00   70.20  0.0000E+00
    87.000  0.2137E+00  0.0000E+00   71.13  0.0000E+00
    88.000  0.2195E+00  0.0000E+00   72.06  0.0000E+00
    89.000  0.2252E+00  0.0000E+00   73.00  0.0000E+00
    90.000  0.2310E+00  0.0000E+00   73.94  0.0000E+00
    91.000  0.2368E+00  0.0000E+00   74.89  0.0000E+00
    92.000  0.2425E+00  0.0000E+00   75.84  0.0000E+00
    93.000  0.2482E+00  0.0000E+00   76.80  0.0000E+00
    94.000  0.2539E+00  0.0000E+00   77.76  0.0000E+00
    95.000  0.2596E+00  0.0000E+00   78.72  0.0000E+00
    96.000  0.2653E+00  0.0000E+00   79.69  0.0000E+00
    97.000  0.2709E+00  0.0000E+00   80.66  0.0000E+00
    98.000  0.2765E+00  0.0000E+00   81.64  0.0000E+00
    99.000  0.2821E+00  0.0000E+00   82.63  0.0000E+00
   100.000  0.2877E+00  0.0000E+00   83.62  0.0000E+00
   101.000  0.2931E+00  0.0000E+00   84.61  0.0000E+00
   102.000  0.2986E+00  0.0000E+00   85.61  0.0000E+00
   103.000  0.3040E+00  0.0000E+00   86.61  0.0000E+00
   104.000  0.3093E+00  0.0000E+00   87.62  0.0000E+00
   105.000  0.3146E+00  0.0000E+00   88.63  0.0000E+00
   106.000  0.3198E+00  0.0000E+00   89.65  0.0000E+00
   107.000  0.3250E+00  0.0000E+00   90.67  0.0000E+00
   108.000  0.3301E+00  0.0000E+00   91.70  0.0000E+00
   109.000  0.3351E+00  0.0000E+00   92.74  0.0000E+00
   110.000  0.3400E+00  0.0000E+00   93.78  0.0000E+00
   111.000  0.3448E+00  0.0000E+00   94.82  0.0000E+00
   112.000  0.3495E+00  0.0000E+00   95.87  0.0000E+00
   113.000  0.3542E+00  0.0000E+00   96.93  0.0000E+00
   114.000  0.3587E+00  0.0000E+00   97.99  0.0000E+00
   115.000  0.3631E+00  0.0000E+00   99.06  0.0000E+00
   116.000  0.3674E+00  0.0000E+00  100.13  0.0000E+00
   117.000  0.3716E+00  0.0000E+00  101.21  0.0000E+00
   118.000  0.3756E+00  0.0000E+00  102.29  0.0000E+00
   119.000  0.3795E+00  0.0000E+00  103.38  0.0000E+00
   120.000  0.3833E+00  0.0000E+00  104.48  0.0000E+00
   121.000  0.3869E+00  0.0000E+00  105.58  0.0000E+00
   122.000  0.3903E+00  0.0000E+00  106.69  0.0000E+00
   123.000  0.3935E+00  0.0000E+00  107.80  0.0000E+00
   124.000  0.3966E+00  0.0000E+00  108.92  0.0000E+00
   125.000  0.3994E+00  0.0000E+00  110.05  0.0000E+00
   126.000  0.4020E+00  0.0000E+00  111.18  0.0000E+00
   127.000  0.4045E+00  0.0000E+00  112.31  0.0000E+00
   128.000  0.4067E+00  0.0000E+00  113.46  0.0000E+00
   129.000  0.4086E+00  0.0000E+00  114.61  0.0000E+00
   130.000  0.4103E+00  0.0000E+00  115.76  0.0000E+00
   131.000  0.4117E+00  0.0000E+00  116.92  0.0000E+00
   132.000  0.4129E+00  0.0000E+00  118.09  0.0000E+00
   133.000  0.4138E+00  0.0000E+00  119.26  0.0000E+00
   134.000  0.4143E+00  0.0000E+00  120.44  0.0000E+00
   135.000  0.4146E+00  0.0000E+00  121.63  0.0000E+00
   136.000  0.4145E+00  0.0000E+00  122.82  0.0000E+00
   137.000  0.4141E+00  0.0000E+00  124.02  0.0000E+00
   138.000  0.4133E+00  0.0000E+00  125.22  0.0000E+00
   139.000  0.4122E+00  0.0000E+00  126.43  0.0000E+00
   140.000  0.4106E+00  0.0000E+00  127.64  0.0000E+00
   141.000  0.4087E+00  0.0000E+00  128.86  0.0000E+00
   142.000  0.4064E+00  0.0000E+00  130.09  0.0000E+00
   143.000  0.4037E+00  0.0000E+00  131.32  0.0000E+00
   144.000  0.4006E+00  0.0000E+00  132.56  0.0000E+00
   145.000  0.3970E+00  0.0000E+00  133.80  0.0000E+00
   146.000  0.3930E+00  0.0000E+00  135.05  0.0000E+00
   147.000  0.3885E+00  0.0000E+00  136.31  0.0000E+00
   148.000  0.3836E+00  0.0000E+00  137.57  0.0000E+00
   149.000  0.3782E+00  0.0000E+00  138.83  0.0000E+00
   150.000  0.3723E+00  0.0000E+00  140.10  0.0000E+00
   151.000  0.3659E+00  0.0000E+00  141.38  0.0000E+00
   152.000  0.3591E+00  0.0000E+00  142.66  0.0000E+00
   153.000  0.3518E+00  0.0000E+00  143.94  0.0000E+00
   154.000  0.3440E+00  0.0000E+00  145.23  0.0000E+00
   155.000  0.3357E+00  0.0000E+00  146.53  0.0000E+00
   156.000  0.3269E+00  0.0000E+00  147.83  0.0000E+00
   157.000  0.3176E+00  0.0000E+00  149.13  0.0000E+00
   158.000  0.3079E+00  0.0000E+00  150.44  0.0000E+00
   159.000  0.2977E+00  0.0000E+00  151.76  0.0000E+00
   160.000  0.2870E+00  0.0000E+00  153.07  0.0000E+00
   161.000  0.2758E+00  0.0000E+00  154.39  0.0000E+00
   162.000  0.2642E+00  0.0000E+00  155.72  0.0000E+00
   163.000  0.2522E+00  0.0000E+00  157.05  0.0000E+00
   164.000  0.2398E+00  0.0000E+00  158.38  0.0000E+00
   165.000  0.2269E+00  0.0000E+00  159.71  0.0000E+00
   166.000  0.2137E+00  0.0000E+00  161.05  0.0000E+00
   167.000  0.2001E+00  0.0000E+00  162.39  0.0000E+00
   168.000  0.1861E+00  0.0000E+00  163.74  0.0000E+00
   169.000  0.1718E+00  0.0000E+00  165.08  0.0000E+00
   170.000  0.1572E+00  0.0000E+00  166.43  0.0000E+00
   171.000  0.1423E+00  0.0000E+00  167.78  0.0000E+00
   172.000  0.1272E+00  0.0000E+00  169.13  0.0000E+00
   173.000  0.1118E+00  0.0000E+00  170.49  0.0000E+00
   174.000  0.9623E-01  0.0000E+00  171.84  0.0000E+00
   175.000  0.8047E-01  0.0000E+00  173.20  0.0000E+00
   176.000  0.6456E-01  0.0000E+00  174.56  0.0000E+00
   177.000  0.4853E-01  0.0000E+00  175.92  0.0000E+00
   178.000  0.3241E-01  0.0000E+00  177.28  0.0000E+00
   179.000  0.1623E-01  0.0000E+00  178.64  0.0000E+00
   180.000  0.1708E-04  0.0000E+00  180.00  0.0000E+00
