     0.000  0.0000E+00  0.0000E+00    0.00  0.0000E+00
     1.000 -0.2897E-02  0.0000E+00    0.76  0.0000E+00
     2.000 -0.5781E-02  0.0000E+00    1.52  0.0000E+00
     3.000 -0.8640E-02  0.0000E+00    2.28  0.0000E+00
     4.000 -0.1146E-01  0.0000E+00    3.04  0.0000E+00
     5.000 -0.1424E-01  0.0000E+00    3.80  0.0000E+00
     6.000 -0.1695E-01  0.0000E+00    4.56  0.0000E+00
     7.000 -0.1959E-01  0.0000E+00    5.33  0.0000E+00
     8.000 -0.2215E-01  0.0000E+00    6.09  0.0000E+00
     9.000 -0.2462E-01  0.0000E+00    6.85  0.0000E+00
    10.000 -0.2699E-01  0.0000E+00    7.61  0.0000E+00
    11.000 -0.2926E-01  0.0000E+00    8.37  0.0000E+00
    12.000 -0.3140E-01  0.0000E+00    9.14  0.0000E+00
    13.000 -0.3343E-01  0.0000E+00    9.90  0.0000E+00
    14.000 -0.3532E-01  0.0000E+00   10.67  0.0000E+00
    15.000 -0.3708E-01  0.0000E+00   11.43  0.0000E+00
    16.000 -0.3870E-01  0.0000E+00   12.20  0.0000E+00
    17.000 -0.4017E-01  0.0000E+00   12.96  0.0000E+00
    18.000 -0.4150E-01  0.0000E+00   13.73  0.0000E+00
    19.000 -0.4268E-01  0.0000E+00   14.50  0.0000E+00
    20.000 -0.4371E-01  0.0000E+00   15.27  0.0000E+00
    21.000 -0.4458E-01  0.0000E+00   16.04  0.0000E+00
    22.000 -0.4530E-01  0.0000E+00   16.81  0.0000E+00
    23.000 -0.4586E-01  0.0000E+00   17.58  0.0000E+00
    24.000 -0.4627E-01  0.0000E+00   18.35  0.0000E+00
    25.000 -0.4651E-01  0.0000E+00   19.12  0.0000E+00
    26.000 -0.4661E-01  0.0000E+00   19.90  0.0000E+00
    27.000 -0.4654E-01  0.0000E+00   20.67  0.0000E+00
    28.000 -0.4632E-01  0.0000E+00   21.45  0.0000E+00
    29.000 -0.4594E-01  0.0000E+00   22.23  0.0000E+00
    30.000 -0.4540E-01  0.0000E+00   23.00  0.0000E+00
    31.000 -0.4471E-01  0.0000E+00   23.78  0.0000E+00
    32.000 -0.4387E-01  0.0000E+00   24.57  0.0000E+00
    33.000 -0.4288E-01  0.0000E+00   25.35  0.0000E+00
    34.000 -0.4173E-01  0.0000E+00   26.13  0.0000E+00
    35.000 -0.4044E-01  0.0000E+00   26.92  0.0000E+00
    36.000 -0.3900E-01  0.0000E+00   27.71  0.0000E+00
    37.000 -0.3741E-01  0.0000E+00   28.49  0.0000E+00
    38.000 -0.3567E-01  0.0000E+00   29.29  0.0000E+00
    39.000 -0.3379E-01  0.0000E+00   30.08  0.0000E+00
    40.000 -0.3176E-01  0.0000E+00   30.87  0.0000E+00
    41.000 -0.2959E-01  0.0000E+00   31.67  0.0000E+00
    42.000 -0.2729E-01  0.0000E+00   32.46  0.0000E+00
    43.000 -0.2484E-01  0.0000E+00   33.26  0.0000E+00
    44.000 -0.2226E-01  0.0000E+00   34.06  0.0000E+00
    45.000 -0.1954E-01  0.0000E+00   34.87  0.0000E+00
    46.000 -0.1668E-01  0.0000E+00   35.67  0.0000E+00
    47.000 -0.1370E-01  0.0000E+00   36.48  0.0000E+00
    48.000 -0.1058E-01  0.0000E+00   37.29  0.0000E+00
    49.000 -0.7331E-02  0.0000E+00   38.10  0.0000E+00
    50.000 -0.3958E-02  0.0000E+00   38.91  0.0000E+00
    51.000 -0.4595E-03  0.0000E+00   39.73  0.0000E+00
    52.000  0.3162E-02  0.0000E+00   40.54  0.0000E+00
    53.000  0.6904E-02  0.0000E+00   41.36  0.0000E+00
    54.000  0.1076E-01  0.0000E+00   42.19  0.0000E+00
    55.000  0.1474E-01  0.0000E+00   43.01  0.0000E+00
    56.000  0.1883E-01  0.0000E+00   43.84  0.0000E+00
    57.000  0.2304E-01  0.0000E+00   44.67  0.0000E+00
    58.000  0.2735E-01  0.0000E+00   45.50  0.0000E+00
    59.000  0.3177E-01  0.0000E+00   46.34  0.0000E+00
    60.000  0.3629E-01  0.0000E+00   47.17  0.0000E+00
    61.000  0.4091E-01  0.0000E+00   48.01  0.0000E+00
    62.000  0.4563E-01  0.0000E+00   48.86  0.0000E+00
    63.000  0.5045E-01  0.0000E+00   49.70  0.0000E+00
    64.000  0.5536E-01  0.0000E+00   50.55  0.0000E+00
    65.000  0.6035E-01  0.0000E+00   51.40  0.0000E+00
    66.000  0.6543E-01  0.0000E+00   52.26  0.0000E+00
    67.000  0.7060E-01  0.0000E+00   53.11  0.0000E+00
    68.000  0.7584E-01  0.0000E+00   53.97  0.0000E+00
    69.000  0.8116E-01  0.0000E+00   54.84  0.0000E+00
    70.000  0.8655E-01  0.0000E+00   55.71  0.0000E+00
    71.000  0.9201E-01  0.0000E+00   56.58  0.0000E+00
    72.000  0.9754E-01  0.0000E+00   57.45  0.0000E+00
    73.000  0.1031E+00  0.0000E+00   58.33  0.0000E+00
    74.000  0.1088E+00  0.0000E+00   59.21  0.0000E+00
    75.000  0.1145E+00  0.0000E+00   60.09  0.0000E+00
    76.000  0.1202E+00  0.0000E+00   60.98  0.0000E+00
    77.000  0.1260E+00  0.0000E+00   61.87  0.0000E+00
    78.000  0.1319E+00  0.0000E+00   62.76  0.0000E+00
    79.000  0.1378E+00  0.0000E+00   63.66  0.0000E+00
    80.000  0.1437E+00  0.0000E+00   64.56  0.0000E+00
    81.000  0.1496E+00  0.0000E+00   65.47  0.0000E+00
    82.000  0.1556E+00  0.0000E+00   66.38  0.0000E+00
    83.000  0.1616E+00  0.0000E+00   67.29  0.0000E+00
    84.000  0.1677E+00  0.0000E+00   68.21  0.0000E+00
    85.000  0.1737E+00  0.0000E+00   69.13  0.0000E+00
    86.000  0.1798E+00  0.0000E+00   70.06  0.0000E+00
    87.000  0.1859E+00  0.0000E+00   70.99  0.0000E+00
    88.000  0.1920E+00  0.0000E+00   71.92  0.0000E+00
    89.000  0.1981E+00  0.0000E+00   72.86  0.0000E+00
    90.000  0.2042E+00  0.0000E+00   73.80  0.0000E+00
    91.000  0.2104E+00  0.0000E+00   74.75  0.0000E+00
    92.000  0.2165E+00  0.0000E+00   75.70  0.0000E+00
    93.000  0.2226E+00  0.0000E+00   76.65  0.0000E+00
    94.000  0.2287E+00  0.0000E+00   77.62  0.0000E+00
    95.000  0.2348E+00  0.0000E+00   78.58  0.0000E+00
    96.000  0.2408E+00  0.0000E+00   79.55  0.0000E+00
    97.000  0.2469E+00  0.0000E+00   80.52  0.0000E+00
    98.000  0.2529E+00  0.0000E+00   81.50  0.0000E+00
    99.000  0.2590E+00  0.0000E+00   82.49  0.0000E+00
   100.000  0.2649E+00  0.0000E+00   83.48  0.0000E+00
   101.000  0.2709E+00  0.0000E+00   84.47  0.0000E+00
   102.000  0.2768E+00  0.0000E+00   85.47  0.0000E+00
   103.000  0.2827E+00  0.0000E+00   86.47  0.0000E+00
   104.000  0.2886E+00  0.0000E+00   87.48  0.0000E+00
   105.000  0.2944E+00  0.0000E+00   88.50  0.0000E+00
   106.000  0.3001E+00  0.0000E+00   89.51  0.0000E+00
   107.000  0.3058E+00  0.0000E+00   90.54  0.0000E+00
   108.000  0.3115E+00  0.0000E+00   91.57  0.0000E+00
   109.000  0.3170E+00  0.0000E+00   92.60  0.0000E+00
   110.000  0.3226E+00  0.0000E+00   93.64  0.0000E+00
   111.000  0.3280E+00  0.0000E+00   94.69  0.0000E+00
   112.000  0.3334E+00  0.0000E+00   95.74  0.0000E+00
   113.000  0.3386E+00  0.0000E+00   96.80  0.0000E+00
   114.000  0.3438E+00  0.0000E+00   97.86  0.0000E+00
   115.000  0.3489E+00  0.0000E+00   98.93  0.0000E+00
   116.000  0.3539E+00  0.0000E+00  100.00  0.0000E+00
   117.000  0.3588E+00  0.0000E+00  101.08  0.0000E+00
   118.000  0.3636E+00  0.0000E+00  102.17  0.0000E+00
   119.000  0.3682E+00  0.0000E+00  103.26  0.0000E+00
   120.000  0.3727E+00  0.0000E+00  104.36  0.0000E+00
   121.000  0.3771E+00  0.0000E+00  105.46  0.0000E+00
   122.000  0.3813E+00  0.0000E+00  106.57  0.0000E+00
   123.000  0.3853E+00  0.0000E+00  107.69  0.0000E+00
   124.000  0.3892E+00  0.0000E+00  108.81  0.0000E+00
   125.000  0.3929E+00  0.0000E+00  109.93  0.0000E+00
   126.000  0.3964E+00  0.0000E+00  111.07  0.0000E+00
   127.000  0.3997E+00  0.0000E+00  112.20  0.0000E+00
   128.000  0.4028E+00  0.0000E+00  113.35  0.0000E+00
   129.000  0.4057E+00  0.0000E+00  114.50  0.0000E+00
   130.000  0.4083E+00  0.0000E+00  115.66  0.0000E+00
   131.000  0.4106E+00  0.0000E+00  116.82  0.0000E+00
   132.000  0.4127E+00  0.0000E+00  117.99  0.0000E+00
   133.000  0.4145E+00  0.0000E+00  119.16  0.0000E+00
   134.000  0.4160E+00  0.0000E+00  120.34  0.0000E+00
   135.000  0.4172E+00  0.0000E+00  121.53  0.0000E+00
   136.000  0.4181E+00  0.0000E+00  122.72  0.0000E+00
   137.000  0.4186E+00  0.0000E+00  123.92  0.0000E+00
   138.000  0.4187E+00  0.0000E+00  125.13  0.0000E+00
   139.000  0.4185E+00  0.0000E+00  126.34  0.0000E+00
   140.000  0.4179E+00  0.0000E+00  127.56  0.0000E+00
   141.000  0.4169E+00  0.0000E+00  128.78  0.0000E+00
   142.000  0.4155E+00  0.0000E+00  130.01  0.0000E+00
   143.000  0.4136E+00  0.0000E+00  131.24  0.0000E+00
   144.000  0.4113E+00  0.0000E+00  132.48  0.0000E+00
   145.000  0.4085E+00  0.0000E+00  133.73  0.0000E+00
   146.000  0.4052E+00  0.0000E+00  134.98  0.0000E+00
   147.000  0.4015E+00  0.0000E+00  136.23  0.0000E+00
   148.000  0.3972E+00  0.0000E+00  137.50  0.0000E+00
   149.000  0.3924E+00  0.0000E+00  138.76  0.0000E+00
   150.000  0.3872E+00  0.0000E+00  140.04  0.0000E+00
   151.000  0.3813E+00  0.0000E+00  141.31  0.0000E+00
   152.000  0.3750E+00  0.0000E+00  142.60  0.0000E+00
   153.000  0.3680E+00  0.0000E+00  143.88  0.0000E+00
   154.000  0.3606E+00  0.0000E+00  145.18  0.0000E+00
   155.000  0.3525E+00  0.0000E+00  146.48  0.0000E+00
   156.000  0.3440E+00  0.0000E+00  147.78  0.0000E+00
   157.000  0.3348E+00  0.0000E+00  149.08  0.0000E+00
   158.000  0.3251E+00  0.0000E+00  150.39  0.0000E+00
   159.000  0.3149E+00  0.0000E+00  151.71  0.0000E+00
   160.000  0.3041E+00  0.0000E+00  153.03  0.0000E+00
   161.000  0.2927E+00  0.0000E+00  154.35  0.0000E+00
   162.000  0.2809E+00  0.0000E+00  155.68  0.0000E+00
   163.000  0.2685E+00  0.0000E+00  157.01  0.0000E+00
   164.000  0.2556E+00  0.0000E+00  158.34  0.0000E+00
   165.000  0.2422E+00  0.0000E+00  159.68  0.0000E+00
   166.000  0.2284E+00  0.0000E+00  161.02  0.0000E+00
   167.000  0.2141E+00  0.0000E+00  162.36  0.0000E+00
   168.000  0.1994E+00  0.0000E+00  163.71  0.0000E+00
   169.000  0.1842E+00  0.0000E+00  165.06  0.0000E+00
   170.000  0.1688E+00  0.0000E+00  166.41  0.0000E+00
   171.000  0.1529E+00  0.0000E+00  167.76  0.0000E+00
   172.000  0.1367E+00  0.0000E+00  169.12  0.0000E+00
   173.000  0.1203E+00  0.0000E+00  170.47  0.0000E+00
   174.000  0.1036E+00  0.0000E+00  171.83  0.0000E+00
   175.000  0.8668E-01  0.0000E+00  173.19  0.0000E+00
   176.000  0.6957E-01  0.0000E+00  174.55  0.0000E+00
   177.000  0.5231E-01  0.0000E+00  175.91  0.0000E+00
   178.000  0.3494E-01  0.0000E+00  177.27  0.0000E+00
   179.000  0.1750E-01  0.0000E+00  178.64  0.0000E+00
   180.000  0.1927E-04  0.0000E+00  180.00  0.0000E+00
