180.000000 	 1.619315e+02 	 1.619315e+02 	 1.619315e+02
179.000000 	 1.623240e+02 	 1.608477e+02 	 1.638004e+02
178.000000 	 1.623270e+02 	 1.593748e+02 	 1.652792e+02
177.000000 	 1.623319e+02 	 1.579048e+02 	 1.667589e+02
176.000000 	 1.623387e+02 	 1.564383e+02 	 1.682390e+02
175.000000 	 1.623474e+02 	 1.549758e+02 	 1.697190e+02
174.000000 	 1.623580e+02 	 1.535177e+02 	 1.711984e+02
173.000000 	 1.623706e+02 	 1.520645e+02 	 1.726766e+02
172.000000 	 1.623850e+02 	 1.506169e+02 	 1.741531e+02
171.000000 	 1.624012e+02 	 1.491752e+02 	 1.756273e+02
170.000000 	 1.624193e+02 	 1.477399e+02 	 1.770987e+02
169.000000 	 1.624394e+02 	 1.463118e+02 	 1.785669e+02
168.000000 	 1.624611e+02 	 1.448911e+02 	 1.800310e+02
167.000000 	 1.624845e+02 	 1.434784e+02 	 1.814906e+02
166.000000 	 1.625097e+02 	 1.420743e+02 	 1.829451e+02
165.000000 	 1.625366e+02 	 1.406792e+02 	 1.843939e+02
164.000000 	 1.625651e+02 	 1.392938e+02 	 1.858363e+02
163.000000 	 1.625952e+02 	 1.379186e+02 	 1.872718e+02
162.000000 	 1.626269e+02 	 1.365541e+02 	 1.886997e+02
161.000000 	 1.626597e+02 	 1.352111e+02 	 1.901083e+02
160.000000 	 1.626947e+02 	 1.338705e+02 	 1.915190e+02
159.000000 	 1.627312e+02 	 1.325424e+02 	 1.929201e+02
158.000000 	 1.627692e+02 	 1.312273e+02 	 1.943110e+02
157.000000 	 1.628085e+02 	 1.299260e+02 	 1.956910e+02
156.000000 	 1.628492e+02 	 1.286391e+02 	 1.970593e+02
155.000000 	 1.628913e+02 	 1.273672e+02 	 1.984153e+02
154.000000 	 1.629346e+02 	 1.261109e+02 	 1.997582e+02
153.000000 	 1.629805e+02 	 1.248790e+02 	 2.010819e+02
152.000000 	 1.630265e+02 	 1.236566e+02 	 2.023965e+02
151.000000 	 1.630738e+02 	 1.224519e+02 	 2.036957e+02
150.000000 	 1.631223e+02 	 1.212659e+02 	 2.049787e+02
149.000000 	 1.631720e+02 	 1.200992e+02 	 2.062447e+02
148.000000 	 1.632229e+02 	 1.189528e+02 	 2.074929e+02
147.000000 	 1.632767e+02 	 1.178338e+02 	 2.087195e+02
146.000000 	 1.633301e+02 	 1.167303e+02 	 2.099298e+02
145.000000 	 1.633847e+02 	 1.156497e+02 	 2.111197e+02
144.000000 	 1.634406e+02 	 1.145927e+02 	 2.122884e+02
143.000000 	 1.634977e+02 	 1.135604e+02 	 2.134350e+02
142.000000 	 1.635580e+02 	 1.125591e+02 	 2.145569e+02
141.000000 	 1.636180e+02 	 1.115791e+02 	 2.156568e+02
140.000000 	 1.636793e+02 	 1.106269e+02 	 2.167318e+02
139.000000 	 1.637423e+02 	 1.097035e+02 	 2.177810e+02
138.000000 	 1.638086e+02 	 1.088145e+02 	 2.188028e+02
137.000000 	 1.638749e+02 	 1.079521e+02 	 2.197978e+02
136.000000 	 1.639431e+02 	 1.071220e+02 	 2.207642e+02
135.000000 	 1.640133e+02 	 1.063256e+02 	 2.217011e+02
134.000000 	 1.640875e+02 	 1.055677e+02 	 2.226072e+02
133.000000 	 1.641622e+02 	 1.048423e+02 	 2.234821e+02
132.000000 	 1.642395e+02 	 1.041545e+02 	 2.243246e+02
131.000000 	 1.643196e+02 	 1.035058e+02 	 2.251335e+02
130.000000 	 1.644045e+02 	 1.029006e+02 	 2.259083e+02
129.000000 	 1.644910e+02 	 1.023344e+02 	 2.266475e+02
128.000000 	 1.645811e+02 	 1.018118e+02 	 2.273503e+02
127.000000 	 1.646767e+02 	 1.013371e+02 	 2.280163e+02
126.000000 	 1.647751e+02 	 1.009067e+02 	 2.286435e+02
125.000000 	 1.648782e+02 	 1.005250e+02 	 2.292314e+02
124.000000 	 1.649865e+02 	 1.001939e+02 	 2.297791e+02
123.000000 	 1.651018e+02 	 9.991707e+01 	 2.302866e+02
122.000000 	 1.652218e+02 	 9.969247e+01 	 2.307512e+02
121.000000 	 1.653485e+02 	 9.952412e+01 	 2.311728e+02
120.000000 	 1.654837e+02 	 9.941552e+01 	 2.315519e+02
119.000000 	 1.656255e+02 	 9.936568e+01 	 2.318853e+02
118.000000 	 1.657770e+02 	 9.937951e+01 	 2.321745e+02
117.000000 	 1.659365e+02 	 9.945672e+01 	 2.324163e+02
116.000000 	 1.661061e+02 	 9.960089e+01 	 2.326112e+02
115.000000 	 1.662875e+02 	 9.981507e+01 	 2.327600e+02
114.000000 	 1.664796e+02 	 1.001000e+02 	 2.328592e+02
113.000000 	 1.666843e+02 	 1.004590e+02 	 2.329096e+02
112.000000 	 1.669035e+02 	 1.008948e+02 	 2.329122e+02
111.000000 	 1.671364e+02 	 1.014093e+02 	 2.328635e+02
110.000000 	 1.673859e+02 	 1.020055e+02 	 2.327662e+02
109.000000 	 1.676514e+02 	 1.026859e+02 	 2.326169e+02
108.000000 	 1.679350e+02 	 1.034532e+02 	 2.324167e+02
107.000000 	 1.682387e+02 	 1.043100e+02 	 2.321674e+02
106.000000 	 1.685624e+02 	 1.052595e+02 	 2.318653e+02
105.000000 	 1.689089e+02 	 1.063038e+02 	 2.315141e+02
104.000000 	 1.692785e+02 	 1.074468e+02 	 2.311102e+02
103.000000 	 1.696738e+02 	 1.086902e+02 	 2.306575e+02
102.000000 	 1.700956e+02 	 1.100383e+02 	 2.301528e+02
101.000000 	 1.705459e+02 	 1.114935e+02 	 2.295983e+02
100.000000 	 1.710270e+02 	 1.130577e+02 	 2.289963e+02
99.000000 	 1.715401e+02 	 1.147360e+02 	 2.283441e+02
98.000000 	 1.720876e+02 	 1.165291e+02 	 2.276462e+02
97.000000 	 1.726712e+02 	 1.184426e+02 	 2.268999e+02
96.000000 	 1.732934e+02 	 1.204767e+02 	 2.261100e+02
95.000000 	 1.739560e+02 	 1.226376e+02 	 2.252744e+02
94.000000 	 1.746615e+02 	 1.249250e+02 	 2.243981e+02
93.000000 	 1.754123e+02 	 1.273454e+02 	 2.234793e+02
92.000000 	 1.762107e+02 	 1.298981e+02 	 2.225234e+02
91.000000 	 1.770595e+02 	 1.325899e+02 	 2.215290e+02
90.000000 	 1.779608e+02 	 1.354197e+02 	 2.205020e+02
89.000000 	 1.789179e+02 	 1.383945e+02 	 2.194414e+02
88.000000 	 1.799331e+02 	 1.415128e+02 	 2.183533e+02
87.000000 	 1.810096e+02 	 1.447817e+02 	 2.172374e+02
86.000000 	 1.821497e+02 	 1.481994e+02 	 2.161001e+02
85.000000 	 1.833573e+02 	 1.517728e+02 	 2.149418e+02
84.000000 	 1.846345e+02 	 1.554998e+02 	 2.137691e+02
83.000000 	 1.859852e+02 	 1.593874e+02 	 2.125831e+02
82.000000 	 1.874118e+02 	 1.634327e+02 	 2.113908e+02
81.000000 	 1.889184e+02 	 1.676429e+02 	 2.101938e+02
80.000000 	 1.905071e+02 	 1.720146e+02 	 2.089997e+02
79.000000 	 1.921826e+02 	 1.765546e+02 	 2.078106e+02
78.000000 	 1.939468e+02 	 1.812589e+02 	 2.066346e+02
77.000000 	 1.958037e+02 	 1.861316e+02 	 2.054758e+02
76.000000 	 1.977574e+02 	 1.911762e+02 	 2.043387e+02
75.000000 	 1.998098e+02 	 1.963879e+02 	 2.032318e+02
74.000000 	 2.019660e+02 	 2.017728e+02 	 2.021591e+02
73.000000 	 2.042274e+02 	 2.073253e+02 	 2.011295e+02
72.000000 	 2.065993e+02 	 2.130511e+02 	 2.001476e+02
71.000000 	 2.090832e+02 	 2.189437e+02 	 1.992226e+02
70.000000 	 2.116840e+02 	 2.250083e+02 	 1.983597e+02
69.000000 	 2.144031e+02 	 2.312377e+02 	 1.975686e+02
68.000000 	 2.172446e+02 	 2.376334e+02 	 1.968558e+02
67.000000 	 2.202124e+02 	 2.441960e+02 	 1.962288e+02
66.000000 	 2.233074e+02 	 2.509177e+02 	 1.956972e+02
65.000000 	 2.265345e+02 	 2.578011e+02 	 1.952678e+02
64.000000 	 2.298941e+02 	 2.648375e+02 	 1.949507e+02
63.000000 	 2.333908e+02 	 2.720285e+02 	 1.947532e+02
62.000000 	 2.370248e+02 	 2.793645e+02 	 1.946851e+02
61.000000 	 2.407992e+02 	 2.868435e+02 	 1.947548e+02
60.000000 	 2.447168e+02 	 2.944628e+02 	 1.949707e+02
59.000000 	 2.487771e+02 	 3.022115e+02 	 1.953427e+02
58.000000 	 2.529835e+02 	 3.100881e+02 	 1.958788e+02
57.000000 	 2.573350e+02 	 3.180811e+02 	 1.965888e+02
56.000000 	 2.618343e+02 	 3.261878e+02 	 1.974808e+02
55.000000 	 2.664797e+02 	 3.343954e+02 	 1.985641e+02
54.000000 	 2.712724e+02 	 3.426977e+02 	 1.998470e+02
53.000000 	 2.762128e+02 	 3.510878e+02 	 2.013378e+02
52.000000 	 2.812982e+02 	 3.595516e+02 	 2.030448e+02
51.000000 	 2.865293e+02 	 3.680828e+02 	 2.049759e+02
50.000000 	 2.919027e+02 	 3.766668e+02 	 2.071386e+02
49.000000 	 2.974178e+02 	 3.852957e+02 	 2.095400e+02
48.000000 	 3.030705e+02 	 3.939540e+02 	 2.121871e+02
47.000000 	 3.088591e+02 	 4.026323e+02 	 2.150860e+02
46.000000 	 3.147785e+02 	 4.113146e+02 	 2.182424e+02
45.000000 	 3.208258e+02 	 4.199899e+02 	 2.216617e+02
44.000000 	 3.269948e+02 	 4.286415e+02 	 2.253482e+02
43.000000 	 3.332810e+02 	 4.372561e+02 	 2.293059e+02
42.000000 	 3.396788e+02 	 4.458194e+02 	 2.335382e+02
41.000000 	 3.461804e+02 	 4.543140e+02 	 2.380469e+02
40.000000 	 3.527798e+02 	 4.627255e+02 	 2.428341e+02
39.000000 	 3.594681e+02 	 4.710363e+02 	 2.478999e+02
38.000000 	 3.662378e+02 	 4.792309e+02 	 2.532447e+02
37.000000 	 3.730789e+02 	 4.872913e+02 	 2.588665e+02
36.000000 	 3.799825e+02 	 4.952011e+02 	 2.647639e+02
35.000000 	 3.869377e+02 	 5.029424e+02 	 2.709331e+02
34.000000 	 3.939336e+02 	 5.104979e+02 	 2.773694e+02
33.000000 	 4.009590e+02 	 5.178498e+02 	 2.840682e+02
32.000000 	 4.080015e+02 	 5.249809e+02 	 2.910220e+02
31.000000 	 4.150485e+02 	 5.318730e+02 	 2.982240e+02
30.000000 	 4.220869e+02 	 5.385093e+02 	 3.056644e+02
29.000000 	 4.291028e+02 	 5.448716e+02 	 3.133340e+02
28.000000 	 4.360821e+02 	 5.509432e+02 	 3.212211e+02
27.000000 	 4.430106e+02 	 5.567081e+02 	 3.293131e+02
26.000000 	 4.498727e+02 	 5.621483e+02 	 3.375971e+02
25.000000 	 4.566538e+02 	 5.672498e+02 	 3.460579e+02
24.000000 	 4.633376e+02 	 5.719951e+02 	 3.546801e+02
23.000000 	 4.699086e+02 	 5.763704e+02 	 3.634469e+02
22.000000 	 4.763515e+02 	 5.803629e+02 	 3.723402e+02
21.000000 	 4.826491e+02 	 5.839567e+02 	 3.813414e+02
20.000000 	 4.887858e+02 	 5.871407e+02 	 3.904309e+02
19.000000 	 4.947456e+02 	 5.899032e+02 	 3.995880e+02
18.000000 	 5.005135e+02 	 5.922355e+02 	 4.087915e+02
17.000000 	 5.060722e+02 	 5.941249e+02 	 4.180194e+02
16.000000 	 5.114069e+02 	 5.955648e+02 	 4.272491e+02
15.000000 	 5.165028e+02 	 5.965480e+02 	 4.364576e+02
14.000000 	 5.213462e+02 	 5.970706e+02 	 4.456217e+02
13.000000 	 5.259210e+02 	 5.971248e+02 	 4.547171e+02
12.000000 	 5.302148e+02 	 5.967094e+02 	 4.637202e+02
11.000000 	 5.342148e+02 	 5.958227e+02 	 4.726069e+02
10.000000 	 5.379090e+02 	 5.944649e+02 	 4.813532e+02
9.000000 	 5.412876e+02 	 5.926390e+02 	 4.899361e+02
8.000000 	 5.443378e+02 	 5.903449e+02 	 4.983307e+02
7.000000 	 5.470515e+02 	 5.875887e+02 	 5.065142e+02
6.000000 	 5.494204e+02 	 5.843766e+02 	 5.144641e+02
5.000000 	 5.514372e+02 	 5.807164e+02 	 5.221581e+02
4.000000 	 5.530959e+02 	 5.766171e+02 	 5.295747e+02
3.000000 	 5.543912e+02 	 5.720895e+02 	 5.366930e+02
2.000000 	 5.553193e+02 	 5.671455e+02 	 5.434931e+02
1.000000 	 5.558773e+02 	 5.617987e+02 	 5.499560e+02
0.000000 	 5.560635e+02 	 5.560635e+02 	 5.560635e+02
