180.000000 	 1.787243e+01 	 1.787243e+01 	 1.787244e+01
179.000000 	 1.787067e+01 	 1.768530e+01 	 1.805604e+01
178.000000 	 1.786537e+01 	 1.749474e+01 	 1.823600e+01
177.000000 	 1.785655e+01 	 1.730090e+01 	 1.841220e+01
176.000000 	 1.784421e+01 	 1.710390e+01 	 1.858453e+01
175.000000 	 1.782837e+01 	 1.690385e+01 	 1.875289e+01
174.000000 	 1.780904e+01 	 1.670090e+01 	 1.891717e+01
173.000000 	 1.778622e+01 	 1.649518e+01 	 1.907727e+01
172.000000 	 1.775996e+01 	 1.628682e+01 	 1.923310e+01
171.000000 	 1.773027e+01 	 1.607596e+01 	 1.938457e+01
170.000000 	 1.769717e+01 	 1.586274e+01 	 1.953159e+01
169.000000 	 1.766070e+01 	 1.564731e+01 	 1.967408e+01
168.000000 	 1.762088e+01 	 1.542981e+01 	 1.981196e+01
167.000000 	 1.757777e+01 	 1.521039e+01 	 1.994514e+01
166.000000 	 1.753138e+01 	 1.498920e+01 	 2.007357e+01
165.000000 	 1.748178e+01 	 1.476638e+01 	 2.019717e+01
164.000000 	 1.742899e+01 	 1.454209e+01 	 2.031589e+01
163.000000 	 1.737307e+01 	 1.431649e+01 	 2.042965e+01
162.000000 	 1.731407e+01 	 1.408973e+01 	 2.053842e+01
161.000000 	 1.725205e+01 	 1.386196e+01 	 2.064213e+01
160.000000 	 1.718705e+01 	 1.363335e+01 	 2.074075e+01
159.000000 	 1.711914e+01 	 1.340405e+01 	 2.083423e+01
158.000000 	 1.704838e+01 	 1.317423e+01 	 2.092254e+01
157.000000 	 1.697484e+01 	 1.294404e+01 	 2.100564e+01
156.000000 	 1.689857e+01 	 1.271364e+01 	 2.108351e+01
155.000000 	 1.681966e+01 	 1.248320e+01 	 2.115612e+01
154.000000 	 1.673817e+01 	 1.225288e+01 	 2.122346e+01
153.000000 	 1.665418e+01 	 1.202284e+01 	 2.128551e+01
152.000000 	 1.656776e+01 	 1.179324e+01 	 2.134227e+01
151.000000 	 1.647899e+01 	 1.156425e+01 	 2.139373e+01
150.000000 	 1.638796e+01 	 1.133603e+01 	 2.143990e+01
149.000000 	 1.629475e+01 	 1.110873e+01 	 2.148077e+01
148.000000 	 1.619944e+01 	 1.088253e+01 	 2.151636e+01
147.000000 	 1.610213e+01 	 1.065758e+01 	 2.154668e+01
146.000000 	 1.600290e+01 	 1.043404e+01 	 2.157175e+01
145.000000 	 1.590184e+01 	 1.021207e+01 	 2.159161e+01
144.000000 	 1.579905e+01 	 9.991831e+00 	 2.160626e+01
143.000000 	 1.569462e+01 	 9.773477e+00 	 2.161576e+01
142.000000 	 1.558865e+01 	 9.557164e+00 	 2.162013e+01
141.000000 	 1.548124e+01 	 9.343047e+00 	 2.161943e+01
140.000000 	 1.537248e+01 	 9.131279e+00 	 2.161369e+01
139.000000 	 1.526249e+01 	 8.922010e+00 	 2.160297e+01
138.000000 	 1.515136e+01 	 8.715390e+00 	 2.158733e+01
137.000000 	 1.503919e+01 	 8.511566e+00 	 2.156682e+01
136.000000 	 1.492610e+01 	 8.310682e+00 	 2.154152e+01
135.000000 	 1.481218e+01 	 8.112881e+00 	 2.151148e+01
134.000000 	 1.469755e+01 	 7.918304e+00 	 2.147679e+01
133.000000 	 1.458230e+01 	 7.727088e+00 	 2.143752e+01
132.000000 	 1.446656e+01 	 7.539369e+00 	 2.139375e+01
131.000000 	 1.435043e+01 	 7.355278e+00 	 2.134558e+01
130.000000 	 1.423401e+01 	 7.174946e+00 	 2.129308e+01
129.000000 	 1.411743e+01 	 6.998498e+00 	 2.123635e+01
128.000000 	 1.400078e+01 	 6.826057e+00 	 2.117550e+01
127.000000 	 1.388418e+01 	 6.657744e+00 	 2.111061e+01
126.000000 	 1.376773e+01 	 6.493674e+00 	 2.104179e+01
125.000000 	 1.365156e+01 	 6.333961e+00 	 2.096916e+01
124.000000 	 1.353577e+01 	 6.178713e+00 	 2.089282e+01
123.000000 	 1.342046e+01 	 6.028036e+00 	 2.081289e+01
122.000000 	 1.330576e+01 	 5.882032e+00 	 2.072948e+01
121.000000 	 1.319175e+01 	 5.740798e+00 	 2.064271e+01
120.000000 	 1.307857e+01 	 5.604426e+00 	 2.055271e+01
119.000000 	 1.296630e+01 	 5.473007e+00 	 2.045960e+01
118.000000 	 1.285507e+01 	 5.346625e+00 	 2.036351e+01
117.000000 	 1.274497e+01 	 5.225360e+00 	 2.026457e+01
116.000000 	 1.263610e+01 	 5.109289e+00 	 2.016292e+01
115.000000 	 1.252858e+01 	 4.998482e+00 	 2.005867e+01
114.000000 	 1.242249e+01 	 4.893006e+00 	 1.995198e+01
113.000000 	 1.231795e+01 	 4.792923e+00 	 1.984298e+01
112.000000 	 1.221505e+01 	 4.698290e+00 	 1.973181e+01
111.000000 	 1.211389e+01 	 4.609158e+00 	 1.961861e+01
110.000000 	 1.201455e+01 	 4.525576e+00 	 1.950352e+01
109.000000 	 1.191714e+01 	 4.447585e+00 	 1.938669e+01
108.000000 	 1.182174e+01 	 4.375222e+00 	 1.926825e+01
107.000000 	 1.172844e+01 	 4.308519e+00 	 1.914836e+01
106.000000 	 1.163733e+01 	 4.247502e+00 	 1.902715e+01
105.000000 	 1.154849e+01 	 4.192194e+00 	 1.890478e+01
104.000000 	 1.146200e+01 	 4.142609e+00 	 1.878138e+01
103.000000 	 1.137793e+01 	 4.098760e+00 	 1.865711e+01
102.000000 	 1.129637e+01 	 4.060651e+00 	 1.853210e+01
101.000000 	 1.121739e+01 	 4.028282e+00 	 1.840650e+01
100.000000 	 1.114105e+01 	 4.001649e+00 	 1.828045e+01
99.000000 	 1.106742e+01 	 3.980741e+00 	 1.815410e+01
98.000000 	 1.099656e+01 	 3.965542e+00 	 1.802758e+01
97.000000 	 1.092853e+01 	 3.956031e+00 	 1.790104e+01
96.000000 	 1.086340e+01 	 3.952180e+00 	 1.777461e+01
95.000000 	 1.080120e+01 	 3.953959e+00 	 1.764843e+01
94.000000 	 1.074199e+01 	 3.961330e+00 	 1.752264e+01
93.000000 	 1.068581e+01 	 3.974250e+00 	 1.739736e+01
92.000000 	 1.063270e+01 	 3.992672e+00 	 1.727273e+01
91.000000 	 1.058271e+01 	 4.016542e+00 	 1.714888e+01
90.000000 	 1.053586e+01 	 4.045803e+00 	 1.702592e+01
89.000000 	 1.049219e+01 	 4.080391e+00 	 1.690399e+01
88.000000 	 1.045172e+01 	 4.120238e+00 	 1.678319e+01
87.000000 	 1.041446e+01 	 4.165271e+00 	 1.666365e+01
86.000000 	 1.038045e+01 	 4.215412e+00 	 1.654548e+01
85.000000 	 1.034968e+01 	 4.270578e+00 	 1.642879e+01
84.000000 	 1.032218e+01 	 4.330680e+00 	 1.631368e+01
83.000000 	 1.029794e+01 	 4.395628e+00 	 1.620025e+01
82.000000 	 1.027696e+01 	 4.465323e+00 	 1.608860e+01
81.000000 	 1.025925e+01 	 4.539666e+00 	 1.597883e+01
80.000000 	 1.024479e+01 	 4.618549e+00 	 1.587103e+01
79.000000 	 1.023356e+01 	 4.701863e+00 	 1.576527e+01
78.000000 	 1.022557e+01 	 4.789495e+00 	 1.566164e+01
77.000000 	 1.022077e+01 	 4.881326e+00 	 1.556021e+01
76.000000 	 1.021915e+01 	 4.977235e+00 	 1.546106e+01
75.000000 	 1.022067e+01 	 5.077095e+00 	 1.536425e+01
74.000000 	 1.022531e+01 	 5.180779e+00 	 1.526984e+01
73.000000 	 1.023302e+01 	 5.288153e+00 	 1.517789e+01
72.000000 	 1.024377e+01 	 5.399082e+00 	 1.508846e+01
71.000000 	 1.025750e+01 	 5.513427e+00 	 1.500158e+01
70.000000 	 1.027417e+01 	 5.631046e+00 	 1.491730e+01
69.000000 	 1.029372e+01 	 5.751793e+00 	 1.483565e+01
68.000000 	 1.031610e+01 	 5.875523e+00 	 1.475668e+01
67.000000 	 1.034124e+01 	 6.002085e+00 	 1.468039e+01
66.000000 	 1.036907e+01 	 6.131327e+00 	 1.460682e+01
65.000000 	 1.039954e+01 	 6.263094e+00 	 1.453598e+01
64.000000 	 1.043256e+01 	 6.397231e+00 	 1.446788e+01
63.000000 	 1.046806e+01 	 6.533580e+00 	 1.440253e+01
62.000000 	 1.050596e+01 	 6.671980e+00 	 1.433993e+01
61.000000 	 1.054617e+01 	 6.812272e+00 	 1.428007e+01
60.000000 	 1.058862e+01 	 6.954292e+00 	 1.422295e+01
59.000000 	 1.063322e+01 	 7.097878e+00 	 1.416855e+01
58.000000 	 1.067986e+01 	 7.242867e+00 	 1.411686e+01
57.000000 	 1.072847e+01 	 7.389092e+00 	 1.406784e+01
56.000000 	 1.077893e+01 	 7.536391e+00 	 1.402148e+01
55.000000 	 1.083117e+01 	 7.684596e+00 	 1.397773e+01
54.000000 	 1.088506e+01 	 7.833544e+00 	 1.393658e+01
53.000000 	 1.094052e+01 	 7.983070e+00 	 1.389796e+01
52.000000 	 1.099743e+01 	 8.133009e+00 	 1.386185e+01
51.000000 	 1.105569e+01 	 8.283198e+00 	 1.382819e+01
50.000000 	 1.111520e+01 	 8.433473e+00 	 1.379692e+01
49.000000 	 1.117583e+01 	 8.583674e+00 	 1.376800e+01
48.000000 	 1.123750e+01 	 8.733639e+00 	 1.374135e+01
47.000000 	 1.130007e+01 	 8.883211e+00 	 1.371693e+01
46.000000 	 1.136344e+01 	 9.032232e+00 	 1.369466e+01
45.000000 	 1.142751e+01 	 9.180547e+00 	 1.367447e+01
44.000000 	 1.149215e+01 	 9.328004e+00 	 1.365629e+01
43.000000 	 1.155725e+01 	 9.474452e+00 	 1.364004e+01
42.000000 	 1.162270e+01 	 9.619744e+00 	 1.362565e+01
41.000000 	 1.168839e+01 	 9.763736e+00 	 1.361304e+01
40.000000 	 1.175420e+01 	 9.906287e+00 	 1.360212e+01
39.000000 	 1.182003e+01 	 1.004726e+01 	 1.359280e+01
38.000000 	 1.188576e+01 	 1.018651e+01 	 1.358500e+01
37.000000 	 1.195128e+01 	 1.032393e+01 	 1.357863e+01
36.000000 	 1.201649e+01 	 1.045937e+01 	 1.357360e+01
35.000000 	 1.208127e+01 	 1.059272e+01 	 1.356981e+01
34.000000 	 1.214552e+01 	 1.072386e+01 	 1.356717e+01
33.000000 	 1.220913e+01 	 1.085268e+01 	 1.356558e+01
32.000000 	 1.227201e+01 	 1.097908e+01 	 1.356495e+01
31.000000 	 1.233405e+01 	 1.110294e+01 	 1.356517e+01
30.000000 	 1.239515e+01 	 1.122417e+01 	 1.356614e+01
29.000000 	 1.245522e+01 	 1.134268e+01 	 1.356776e+01
28.000000 	 1.251416e+01 	 1.145839e+01 	 1.356993e+01
27.000000 	 1.257188e+01 	 1.157122e+01 	 1.357255e+01
26.000000 	 1.262829e+01 	 1.168109e+01 	 1.357550e+01
25.000000 	 1.268331e+01 	 1.178793e+01 	 1.357869e+01
24.000000 	 1.273685e+01 	 1.189170e+01 	 1.358200e+01
23.000000 	 1.278883e+01 	 1.199232e+01 	 1.358533e+01
22.000000 	 1.283917e+01 	 1.208976e+01 	 1.358858e+01
21.000000 	 1.288779e+01 	 1.218397e+01 	 1.359162e+01
20.000000 	 1.293464e+01 	 1.227492e+01 	 1.359436e+01
19.000000 	 1.297963e+01 	 1.236258e+01 	 1.359668e+01
18.000000 	 1.302271e+01 	 1.244694e+01 	 1.359848e+01
17.000000 	 1.306381e+01 	 1.252798e+01 	 1.359964e+01
16.000000 	 1.310287e+01 	 1.260568e+01 	 1.360005e+01
15.000000 	 1.313984e+01 	 1.268007e+01 	 1.359961e+01
14.000000 	 1.317466e+01 	 1.275113e+01 	 1.359820e+01
13.000000 	 1.320729e+01 	 1.281888e+01 	 1.359570e+01
12.000000 	 1.323769e+01 	 1.288335e+01 	 1.359202e+01
11.000000 	 1.326580e+01 	 1.294456e+01 	 1.358705e+01
10.000000 	 1.329160e+01 	 1.300254e+01 	 1.358066e+01
9.000000 	 1.331505e+01 	 1.305734e+01 	 1.357276e+01
8.000000 	 1.333611e+01 	 1.310899e+01 	 1.356323e+01
7.000000 	 1.335476e+01 	 1.315754e+01 	 1.355198e+01
6.000000 	 1.337097e+01 	 1.320306e+01 	 1.353889e+01
5.000000 	 1.338473e+01 	 1.324560e+01 	 1.352386e+01
4.000000 	 1.339601e+01 	 1.328523e+01 	 1.350679e+01
3.000000 	 1.340480e+01 	 1.332202e+01 	 1.348757e+01
2.000000 	 1.341108e+01 	 1.335605e+01 	 1.346612e+01
1.000000 	 1.341486e+01 	 1.338738e+01 	 1.344233e+01
0.000000 	 1.341612e+01 	 1.341612e+01 	 1.341612e+01
