180.000000 	 9.005878e+01 	 9.005878e+01 	 9.005878e+01
179.000000 	 9.005663e+01 	 8.916339e+01 	 9.094986e+01
178.000000 	 9.005017e+01 	 8.826423e+01 	 9.183612e+01
177.000000 	 9.003941e+01 	 8.736180e+01 	 9.271703e+01
176.000000 	 9.002436e+01 	 8.645664e+01 	 9.359207e+01
175.000000 	 9.000500e+01 	 8.554928e+01 	 9.446072e+01
174.000000 	 8.998137e+01 	 8.464025e+01 	 9.532249e+01
173.000000 	 8.995343e+01 	 8.373006e+01 	 9.617681e+01
172.000000 	 8.992122e+01 	 8.281925e+01 	 9.702319e+01
171.000000 	 8.988474e+01 	 8.190836e+01 	 9.786111e+01
170.000000 	 8.984399e+01 	 8.099793e+01 	 9.869006e+01
169.000000 	 8.979902e+01 	 8.008851e+01 	 9.950954e+01
168.000000 	 8.974980e+01 	 7.918061e+01 	 1.003190e+02
167.000000 	 8.969636e+01 	 7.827480e+01 	 1.011179e+02
166.000000 	 8.963871e+01 	 7.737161e+01 	 1.019058e+02
165.000000 	 8.957686e+01 	 7.647160e+01 	 1.026821e+02
164.000000 	 8.951083e+01 	 7.557531e+01 	 1.034463e+02
163.000000 	 8.944066e+01 	 7.468332e+01 	 1.041980e+02
162.000000 	 8.936635e+01 	 7.379617e+01 	 1.049365e+02
161.000000 	 8.928794e+01 	 7.291444e+01 	 1.056614e+02
160.000000 	 8.920544e+01 	 7.203869e+01 	 1.063722e+02
159.000000 	 8.911889e+01 	 7.116949e+01 	 1.070683e+02
158.000000 	 8.900050e+01 	 7.029230e+01 	 1.077087e+02
157.000000 	 8.890644e+01 	 6.943882e+01 	 1.083741e+02
156.000000 	 8.880845e+01 	 6.859362e+01 	 1.090233e+02
155.000000 	 8.870655e+01 	 6.775730e+01 	 1.096558e+02
154.000000 	 8.860080e+01 	 6.693045e+01 	 1.102711e+02
153.000000 	 8.849122e+01 	 6.611367e+01 	 1.108688e+02
152.000000 	 8.837787e+01 	 6.530755e+01 	 1.114482e+02
151.000000 	 8.826080e+01 	 6.451272e+01 	 1.120089e+02
150.000000 	 8.814005e+01 	 6.372977e+01 	 1.125503e+02
149.000000 	 8.800414e+01 	 6.295552e+01 	 1.130528e+02
148.000000 	 8.787655e+01 	 6.219860e+01 	 1.135545e+02
147.000000 	 8.774547e+01 	 6.145544e+01 	 1.140355e+02
146.000000 	 8.761097e+01 	 6.072666e+01 	 1.144953e+02
145.000000 	 8.747313e+01 	 6.001291e+01 	 1.149333e+02
144.000000 	 8.733202e+01 	 5.931484e+01 	 1.153492e+02
143.000000 	 8.718115e+01 	 5.863193e+01 	 1.157304e+02
142.000000 	 8.703399e+01 	 5.796738e+01 	 1.161006e+02
141.000000 	 8.688383e+01 	 5.732047e+01 	 1.164472e+02
140.000000 	 8.673076e+01 	 5.669188e+01 	 1.167696e+02
139.000000 	 8.657489e+01 	 5.608227e+01 	 1.170675e+02
138.000000 	 8.641632e+01 	 5.549233e+01 	 1.173403e+02
137.000000 	 8.625121e+01 	 5.492268e+01 	 1.175797e+02
136.000000 	 8.608779e+01 	 5.437424e+01 	 1.178014e+02
135.000000 	 8.592206e+01 	 5.384753e+01 	 1.179966e+02
134.000000 	 8.575414e+01 	 5.334325e+01 	 1.181650e+02
133.000000 	 8.558417e+01 	 5.286212e+01 	 1.183062e+02
132.000000 	 8.540979e+01 	 5.240518e+01 	 1.184144e+02
131.000000 	 8.523636e+01 	 5.197251e+01 	 1.185002e+02
130.000000 	 8.506137e+01 	 5.156513e+01 	 1.185576e+02
129.000000 	 8.488500e+01 	 5.118376e+01 	 1.185862e+02
128.000000 	 8.470744e+01 	 5.082912e+01 	 1.185858e+02
127.000000 	 8.452731e+01 	 5.050237e+01 	 1.185522e+02
126.000000 	 8.434809e+01 	 5.020341e+01 	 1.184928e+02
125.000000 	 8.416831e+01 	 4.993339e+01 	 1.184032e+02
124.000000 	 8.398819e+01 	 4.969305e+01 	 1.182833e+02
123.000000 	 8.380694e+01 	 4.948350e+01 	 1.181304e+02
122.000000 	 8.362698e+01 	 4.930472e+01 	 1.179492e+02
121.000000 	 8.344743e+01 	 4.915784e+01 	 1.177370e+02
120.000000 	 8.326857e+01 	 4.904361e+01 	 1.174935e+02
119.000000 	 8.309006e+01 	 4.896301e+01 	 1.172171e+02
118.000000 	 8.291354e+01 	 4.891626e+01 	 1.169108e+02
117.000000 	 8.273863e+01 	 4.890437e+01 	 1.165729e+02
116.000000 	 8.256520e+01 	 4.892819e+01 	 1.162022e+02
115.000000 	 8.239454e+01 	 4.898819e+01 	 1.158009e+02
114.000000 	 8.222651e+01 	 4.908526e+01 	 1.153678e+02
113.000000 	 8.206148e+01 	 4.922012e+01 	 1.149028e+02
112.000000 	 8.189960e+01 	 4.939335e+01 	 1.144058e+02
111.000000 	 8.174179e+01 	 4.960585e+01 	 1.138777e+02
110.000000 	 8.158818e+01 	 4.985826e+01 	 1.133181e+02
109.000000 	 8.143908e+01 	 5.015097e+01 	 1.127272e+02
108.000000 	 8.129525e+01 	 5.048518e+01 	 1.121053e+02
107.000000 	 8.115698e+01 	 5.086132e+01 	 1.114526e+02
106.000000 	 8.102466e+01 	 5.127956e+01 	 1.107698e+02
105.000000 	 8.089901e+01 	 5.174143e+01 	 1.100566e+02
104.000000 	 8.078041e+01 	 5.224714e+01 	 1.093137e+02
103.000000 	 8.066937e+01 	 5.279661e+01 	 1.085421e+02
102.000000 	 8.056654e+01 	 5.339167e+01 	 1.077414e+02
101.000000 	 8.047244e+01 	 5.403230e+01 	 1.069126e+02
100.000000 	 8.038760e+01 	 5.471816e+01 	 1.060570e+02
99.000000 	 8.031274e+01 	 5.545139e+01 	 1.051741e+02
98.000000 	 8.024842e+01 	 5.623168e+01 	 1.042652e+02
97.000000 	 8.019522e+01 	 5.705846e+01 	 1.033320e+02
96.000000 	 8.015392e+01 	 5.793410e+01 	 1.023737e+02
95.000000 	 8.012513e+01 	 5.885805e+01 	 1.013922e+02
94.000000 	 8.010944e+01 	 5.982942e+01 	 1.003895e+02
93.000000 	 8.010775e+01 	 6.085084e+01 	 9.936466e+01
92.000000 	 8.012069e+01 	 6.192146e+01 	 9.831992e+01
91.000000 	 8.014885e+01 	 6.304012e+01 	 9.725758e+01
90.000000 	 8.019325e+01 	 6.420962e+01 	 9.617688e+01
89.000000 	 8.025434e+01 	 6.542736e+01 	 9.508132e+01
88.000000 	 8.033326e+01 	 6.669620e+01 	 9.397032e+01
87.000000 	 8.043061e+01 	 6.801477e+01 	 9.284645e+01
86.000000 	 8.054695e+01 	 6.938147e+01 	 9.171243e+01
85.000000 	 8.068356e+01 	 7.079923e+01 	 9.056789e+01
84.000000 	 8.084102e+01 	 7.226637e+01 	 8.941567e+01
83.000000 	 8.101985e+01 	 7.378099e+01 	 8.825871e+01
82.000000 	 8.122147e+01 	 7.534603e+01 	 8.709690e+01
81.000000 	 8.144606e+01 	 7.695781e+01 	 8.593432e+01
80.000000 	 8.169514e+01 	 7.861918e+01 	 8.477111e+01
79.000000 	 8.196921e+01 	 8.032796e+01 	 8.361047e+01
78.000000 	 8.226868e+01 	 8.208174e+01 	 8.245562e+01
77.000000 	 8.259517e+01 	 8.388331e+01 	 8.130703e+01
76.000000 	 8.294865e+01 	 8.572835e+01 	 8.016896e+01
75.000000 	 8.333082e+01 	 8.761948e+01 	 7.904216e+01
74.000000 	 8.374202e+01 	 8.955397e+01 	 7.793007e+01
73.000000 	 8.418252e+01 	 9.152892e+01 	 7.683613e+01
72.000000 	 8.465409e+01 	 9.354672e+01 	 7.576146e+01
71.000000 	 8.515641e+01 	 9.560251e+01 	 7.471031e+01
70.000000 	 8.569126e+01 	 9.769844e+01 	 7.368409e+01
69.000000 	 8.625880e+01 	 9.983123e+01 	 7.268638e+01
68.000000 	 8.685910e+01 	 1.019975e+02 	 7.172070e+01
67.000000 	 8.749390e+01 	 1.041990e+02 	 7.078878e+01
66.000000 	 8.816262e+01 	 1.064305e+02 	 6.989474e+01
65.000000 	 8.886696e+01 	 1.086934e+02 	 6.904057e+01
64.000000 	 8.960622e+01 	 1.109822e+02 	 6.823025e+01
63.000000 	 9.038201e+01 	 1.132981e+02 	 6.746597e+01
62.000000 	 9.119411e+01 	 1.156370e+02 	 6.675123e+01
61.000000 	 9.204221e+01 	 1.179950e+02 	 6.608941e+01
60.000000 	 9.292777e+01 	 1.203726e+02 	 6.548292e+01
59.000000 	 9.384975e+01 	 1.227642e+02 	 6.493534e+01
58.000000 	 9.480944e+01 	 1.251697e+02 	 6.444919e+01
57.000000 	 9.580626e+01 	 1.275848e+02 	 6.402770e+01
56.000000 	 9.683956e+01 	 1.300052e+02 	 6.367390e+01
55.000000 	 9.791034e+01 	 1.324303e+02 	 6.339038e+01
54.000000 	 9.901721e+01 	 1.348543e+02 	 6.318012e+01
53.000000 	 1.001609e+02 	 1.372762e+02 	 6.304569e+01
52.000000 	 1.013405e+02 	 1.396912e+02 	 6.298978e+01
51.000000 	 1.025548e+02 	 1.420948e+02 	 6.301488e+01
50.000000 	 1.038043e+02 	 1.444852e+02 	 6.312339e+01
49.000000 	 1.050876e+02 	 1.468575e+02 	 6.331756e+01
48.000000 	 1.064033e+02 	 1.492072e+02 	 6.359943e+01
47.000000 	 1.077514e+02 	 1.515317e+02 	 6.397110e+01
46.000000 	 1.091298e+02 	 1.538255e+02 	 6.443418e+01
45.000000 	 1.105381e+02 	 1.560857e+02 	 6.499051e+01
44.000000 	 1.119745e+02 	 1.583076e+02 	 6.564140e+01
43.000000 	 1.134371e+02 	 1.604862e+02 	 6.638791e+01
42.000000 	 1.149248e+02 	 1.626182e+02 	 6.723133e+01
41.000000 	 1.164356e+02 	 1.646988e+02 	 6.817229e+01
40.000000 	 1.179673e+02 	 1.667234e+02 	 6.921117e+01
39.000000 	 1.195182e+02 	 1.686878e+02 	 7.034856e+01
38.000000 	 1.210860e+02 	 1.705876e+02 	 7.158434e+01
37.000000 	 1.226682e+02 	 1.724183e+02 	 7.291810e+01
36.000000 	 1.242626e+02 	 1.741755e+02 	 7.434964e+01
35.000000 	 1.258664e+02 	 1.758548e+02 	 7.587799e+01
34.000000 	 1.274771e+02 	 1.774522e+02 	 7.750196e+01
33.000000 	 1.290916e+02 	 1.789629e+02 	 7.922038e+01
32.000000 	 1.307072e+02 	 1.803831e+02 	 8.103144e+01
31.000000 	 1.323210e+02 	 1.817090e+02 	 8.293312e+01
30.000000 	 1.339296e+02 	 1.829359e+02 	 8.492322e+01
29.000000 	 1.355297e+02 	 1.840604e+02 	 8.699909e+01
28.000000 	 1.371183e+02 	 1.850787e+02 	 8.915781e+01
27.000000 	 1.386922e+02 	 1.859882e+02 	 9.139627e+01
26.000000 	 1.402474e+02 	 1.867840e+02 	 9.371084e+01
25.000000 	 1.417808e+02 	 1.874638e+02 	 9.609779e+01
24.000000 	 1.432888e+02 	 1.880247e+02 	 9.855304e+01
23.000000 	 1.447687e+02 	 1.884648e+02 	 1.010725e+02
22.000000 	 1.462156e+02 	 1.887801e+02 	 1.036511e+02
21.000000 	 1.476268e+02 	 1.889693e+02 	 1.062842e+02
20.000000 	 1.489987e+02 	 1.890306e+02 	 1.089667e+02
19.000000 	 1.503286e+02 	 1.889635e+02 	 1.116938e+02
18.000000 	 1.516119e+02 	 1.887647e+02 	 1.144590e+02
17.000000 	 1.528458e+02 	 1.884345e+02 	 1.172572e+02
16.000000 	 1.540274e+02 	 1.879724e+02 	 1.200823e+02
15.000000 	 1.551534e+02 	 1.873783e+02 	 1.229284e+02
14.000000 	 1.562210e+02 	 1.866525e+02 	 1.257894e+02
13.000000 	 1.572283e+02 	 1.857970e+02 	 1.286596e+02
12.000000 	 1.581709e+02 	 1.848104e+02 	 1.315313e+02
11.000000 	 1.590471e+02 	 1.836955e+02 	 1.343988e+02
10.000000 	 1.598548e+02 	 1.824542e+02 	 1.372555e+02
9.000000 	 1.605919e+02 	 1.810888e+02 	 1.400950e+02
8.000000 	 1.612564e+02 	 1.796022e+02 	 1.429106e+02
7.000000 	 1.618466e+02 	 1.779974e+02 	 1.456959e+02
6.000000 	 1.623612e+02 	 1.762781e+02 	 1.484442e+02
5.000000 	 1.627987e+02 	 1.744482e+02 	 1.511492e+02
4.000000 	 1.631582e+02 	 1.725120e+02 	 1.538043e+02
3.000000 	 1.634386e+02 	 1.704741e+02 	 1.564032e+02
2.000000 	 1.636394e+02 	 1.683393e+02 	 1.589396e+02
1.000000 	 1.637601e+02 	 1.661129e+02 	 1.614073e+02
0.000000 	 1.638004e+02 	 1.638004e+02 	 1.638004e+02
