180.000000 	 3.451100e+01 	 3.451100e+01 	 3.451100e+01
179.000000 	 3.450905e+01 	 3.410469e+01 	 3.491340e+01
178.000000 	 3.450318e+01 	 3.369474e+01 	 3.531163e+01
177.000000 	 3.449341e+01 	 3.328141e+01 	 3.570541e+01
176.000000 	 3.447974e+01 	 3.286499e+01 	 3.609449e+01
175.000000 	 3.446217e+01 	 3.244574e+01 	 3.647860e+01
174.000000 	 3.444071e+01 	 3.202394e+01 	 3.685748e+01
173.000000 	 3.441538e+01 	 3.159987e+01 	 3.723089e+01
172.000000 	 3.438618e+01 	 3.117380e+01 	 3.759857e+01
171.000000 	 3.435314e+01 	 3.074601e+01 	 3.796026e+01
170.000000 	 3.431626e+01 	 3.031679e+01 	 3.831573e+01
169.000000 	 3.427556e+01 	 2.988640e+01 	 3.866472e+01
168.000000 	 3.423107e+01 	 2.945513e+01 	 3.900700e+01
167.000000 	 3.418280e+01 	 2.902327e+01 	 3.934233e+01
166.000000 	 3.413078e+01 	 2.859109e+01 	 3.967047e+01
165.000000 	 3.407504e+01 	 2.815887e+01 	 3.999120e+01
164.000000 	 3.401559e+01 	 2.772690e+01 	 4.030429e+01
163.000000 	 3.395248e+01 	 2.729545e+01 	 4.060951e+01
162.000000 	 3.388572e+01 	 2.686480e+01 	 4.090665e+01
161.000000 	 3.381537e+01 	 2.643524e+01 	 4.119550e+01
160.000000 	 3.374143e+01 	 2.600704e+01 	 4.147583e+01
159.000000 	 3.366397e+01 	 2.558048e+01 	 4.174746e+01
158.000000 	 3.358300e+01 	 2.515583e+01 	 4.201017e+01
157.000000 	 3.349858e+01 	 2.473338e+01 	 4.226377e+01
156.000000 	 3.341073e+01 	 2.431340e+01 	 4.250807e+01
155.000000 	 3.331952e+01 	 2.389616e+01 	 4.274288e+01
154.000000 	 3.322497e+01 	 2.348193e+01 	 4.296802e+01
153.000000 	 3.312714e+01 	 2.307097e+01 	 4.318332e+01
152.000000 	 3.302482e+01 	 2.266252e+01 	 4.338712e+01
151.000000 	 3.292061e+01 	 2.225896e+01 	 4.358226e+01
150.000000 	 3.281327e+01 	 2.185948e+01 	 4.376706e+01
149.000000 	 3.270284e+01 	 2.146432e+01 	 4.394137e+01
148.000000 	 3.258939e+01 	 2.107375e+01 	 4.410503e+01
147.000000 	 3.247297e+01 	 2.068802e+01 	 4.425792e+01
146.000000 	 3.235363e+01 	 2.030738e+01 	 4.439989e+01
145.000000 	 3.223144e+01 	 1.993207e+01 	 4.453082e+01
144.000000 	 3.210646e+01 	 1.956233e+01 	 4.465058e+01
143.000000 	 3.197874e+01 	 1.919842e+01 	 4.475906e+01
142.000000 	 3.184835e+01 	 1.884055e+01 	 4.485615e+01
141.000000 	 3.171496e+01 	 1.848866e+01 	 4.494126e+01
140.000000 	 3.157945e+01 	 1.814359e+01 	 4.501530e+01
139.000000 	 3.144145e+01 	 1.780524e+01 	 4.507767e+01
138.000000 	 3.130106e+01 	 1.747383e+01 	 4.512828e+01
137.000000 	 3.115832e+01 	 1.714956e+01 	 4.516708e+01
136.000000 	 3.101332e+01 	 1.683265e+01 	 4.519399e+01
135.000000 	 3.086612e+01 	 1.652328e+01 	 4.520895e+01
134.000000 	 3.071679e+01 	 1.622165e+01 	 4.521193e+01
133.000000 	 3.056526e+01 	 1.592783e+01 	 4.520269e+01
132.000000 	 3.041192e+01 	 1.564224e+01 	 4.518160e+01
131.000000 	 3.025668e+01 	 1.536493e+01 	 4.514842e+01
130.000000 	 3.009960e+01 	 1.509606e+01 	 4.510314e+01
129.000000 	 2.994078e+01 	 1.483579e+01 	 4.504577e+01
128.000000 	 2.978028e+01 	 1.458427e+01 	 4.497629e+01
127.000000 	 2.961818e+01 	 1.434164e+01 	 4.489472e+01
126.000000 	 2.945456e+01 	 1.410803e+01 	 4.480109e+01
125.000000 	 2.928946e+01 	 1.388355e+01 	 4.469538e+01
124.000000 	 2.912305e+01 	 1.366837e+01 	 4.457773e+01
123.000000 	 2.895535e+01 	 1.346258e+01 	 4.444813e+01
122.000000 	 2.878645e+01 	 1.326626e+01 	 4.430664e+01
121.000000 	 2.861642e+01 	 1.307952e+01 	 4.415333e+01
120.000000 	 2.844535e+01 	 1.290243e+01 	 4.398828e+01
119.000000 	 2.827332e+01 	 1.273505e+01 	 4.381158e+01
118.000000 	 2.810040e+01 	 1.257748e+01 	 4.362332e+01
117.000000 	 2.792667e+01 	 1.242974e+01 	 4.342361e+01
116.000000 	 2.775222e+01 	 1.229188e+01 	 4.321256e+01
115.000000 	 2.757712e+01 	 1.216394e+01 	 4.299030e+01
114.000000 	 2.740145e+01 	 1.204593e+01 	 4.275697e+01
113.000000 	 2.722530e+01 	 1.193787e+01 	 4.251274e+01
112.000000 	 2.704873e+01 	 1.183974e+01 	 4.225771e+01
111.000000 	 2.687182e+01 	 1.175155e+01 	 4.199208e+01
110.000000 	 2.669464e+01 	 1.167327e+01 	 4.171601e+01
109.000000 	 2.651728e+01 	 1.160486e+01 	 4.142970e+01
108.000000 	 2.633981e+01 	 1.154628e+01 	 4.113333e+01
107.000000 	 2.616232e+01 	 1.149747e+01 	 4.082717e+01
106.000000 	 2.598484e+01 	 1.145836e+01 	 4.051133e+01
105.000000 	 2.580747e+01 	 1.142887e+01 	 4.018608e+01
104.000000 	 2.563028e+01 	 1.140891e+01 	 3.985165e+01
103.000000 	 2.545333e+01 	 1.139837e+01 	 3.950829e+01
102.000000 	 2.527671e+01 	 1.139713e+01 	 3.915630e+01
101.000000 	 2.510045e+01 	 1.140508e+01 	 3.879583e+01
100.000000 	 2.492464e+01 	 1.142205e+01 	 3.842722e+01
99.000000 	 2.474932e+01 	 1.144792e+01 	 3.805073e+01
98.000000 	 2.457458e+01 	 1.148250e+01 	 3.766665e+01
97.000000 	 2.440048e+01 	 1.152563e+01 	 3.727532e+01
96.000000 	 2.422704e+01 	 1.157711e+01 	 3.687696e+01
95.000000 	 2.405434e+01 	 1.163676e+01 	 3.647192e+01
94.000000 	 2.388243e+01 	 1.170435e+01 	 3.606051e+01
93.000000 	 2.371137e+01 	 1.177966e+01 	 3.564307e+01
92.000000 	 2.354121e+01 	 1.186247e+01 	 3.521996e+01
91.000000 	 2.337199e+01 	 1.195253e+01 	 3.479144e+01
90.000000 	 2.320375e+01 	 1.204958e+01 	 3.435791e+01
89.000000 	 2.303654e+01 	 1.215337e+01 	 3.391970e+01
88.000000 	 2.287040e+01 	 1.226361e+01 	 3.347719e+01
87.000000 	 2.270537e+01 	 1.238001e+01 	 3.303074e+01
86.000000 	 2.254149e+01 	 1.250230e+01 	 3.258069e+01
85.000000 	 2.237879e+01 	 1.263016e+01 	 3.212742e+01
84.000000 	 2.221730e+01 	 1.276328e+01 	 3.167131e+01
83.000000 	 2.205705e+01 	 1.290135e+01 	 3.121275e+01
82.000000 	 2.189808e+01 	 1.304402e+01 	 3.075213e+01
81.000000 	 2.174039e+01 	 1.319098e+01 	 3.028980e+01
80.000000 	 2.158402e+01 	 1.334188e+01 	 2.982617e+01
79.000000 	 2.142900e+01 	 1.349636e+01 	 2.936163e+01
78.000000 	 2.127532e+01 	 1.365407e+01 	 2.889657e+01
77.000000 	 2.112302e+01 	 1.381466e+01 	 2.843138e+01
76.000000 	 2.097211e+01 	 1.397775e+01 	 2.796646e+01
75.000000 	 2.082259e+01 	 1.414299e+01 	 2.750219e+01
74.000000 	 2.067448e+01 	 1.430999e+01 	 2.703896e+01
73.000000 	 2.052778e+01 	 1.447837e+01 	 2.657719e+01
72.000000 	 2.038251e+01 	 1.464778e+01 	 2.611724e+01
71.000000 	 2.023866e+01 	 1.481782e+01 	 2.565950e+01
70.000000 	 2.009624e+01 	 1.498810e+01 	 2.520438e+01
69.000000 	 1.995524e+01 	 1.515826e+01 	 2.475223e+01
68.000000 	 1.981568e+01 	 1.532790e+01 	 2.430346e+01
67.000000 	 1.967754e+01 	 1.549666e+01 	 2.385842e+01
66.000000 	 1.954083e+01 	 1.566416e+01 	 2.341749e+01
65.000000 	 1.940553e+01 	 1.583001e+01 	 2.298105e+01
64.000000 	 1.927163e+01 	 1.599383e+01 	 2.254943e+01
63.000000 	 1.913915e+01 	 1.615528e+01 	 2.212301e+01
62.000000 	 1.900806e+01 	 1.631399e+01 	 2.170212e+01
61.000000 	 1.887835e+01 	 1.646959e+01 	 2.128712e+01
60.000000 	 1.875002e+01 	 1.662172e+01 	 2.087832e+01
59.000000 	 1.862306e+01 	 1.677006e+01 	 2.047607e+01
58.000000 	 1.849746e+01 	 1.691426e+01 	 2.008067e+01
57.000000 	 1.837321e+01 	 1.705399e+01 	 1.969243e+01
56.000000 	 1.825029e+01 	 1.718892e+01 	 1.931166e+01
55.000000 	 1.812870e+01 	 1.731875e+01 	 1.893865e+01
54.000000 	 1.800842e+01 	 1.744317e+01 	 1.857367e+01
53.000000 	 1.788945e+01 	 1.756190e+01 	 1.821700e+01
52.000000 	 1.777178e+01 	 1.767466e+01 	 1.786889e+01
51.000000 	 1.765539e+01 	 1.778117e+01 	 1.752961e+01
50.000000 	 1.754028e+01 	 1.788118e+01 	 1.719937e+01
49.000000 	 1.742644e+01 	 1.797446e+01 	 1.687842e+01
48.000000 	 1.731387e+01 	 1.806077e+01 	 1.656697e+01
47.000000 	 1.720256e+01 	 1.813990e+01 	 1.626522e+01
46.000000 	 1.709250e+01 	 1.821165e+01 	 1.597336e+01
45.000000 	 1.698370e+01 	 1.827582e+01 	 1.569158e+01
44.000000 	 1.687615e+01 	 1.833227e+01 	 1.542003e+01
43.000000 	 1.676986e+01 	 1.838083e+01 	 1.515888e+01
42.000000 	 1.666482e+01 	 1.842137e+01 	 1.490827e+01
41.000000 	 1.656104e+01 	 1.845376e+01 	 1.466832e+01
40.000000 	 1.645853e+01 	 1.847790e+01 	 1.443916e+01
39.000000 	 1.635730e+01 	 1.849371e+01 	 1.422088e+01
38.000000 	 1.625735e+01 	 1.850112e+01 	 1.401359e+01
37.000000 	 1.615871e+01 	 1.850007e+01 	 1.381735e+01
36.000000 	 1.606139e+01 	 1.849055e+01 	 1.363224e+01
35.000000 	 1.596542e+01 	 1.847253e+01 	 1.345831e+01
34.000000 	 1.587081e+01 	 1.844602e+01 	 1.329560e+01
33.000000 	 1.577759e+01 	 1.841104e+01 	 1.314415e+01
32.000000 	 1.568581e+01 	 1.836766e+01 	 1.300396e+01
31.000000 	 1.559548e+01 	 1.831592e+01 	 1.287504e+01
30.000000 	 1.550665e+01 	 1.825592e+01 	 1.275739e+01
29.000000 	 1.541938e+01 	 1.818776e+01 	 1.265099e+01
28.000000 	 1.533370e+01 	 1.811157e+01 	 1.255582e+01
27.000000 	 1.524967e+01 	 1.802752e+01 	 1.247182e+01
26.000000 	 1.516735e+01 	 1.793575e+01 	 1.239895e+01
25.000000 	 1.508682e+01 	 1.783648e+01 	 1.233715e+01
24.000000 	 1.500813e+01 	 1.772992e+01 	 1.228634e+01
23.000000 	 1.493138e+01 	 1.761632e+01 	 1.224644e+01
22.000000 	 1.485664e+01 	 1.749593e+01 	 1.221735e+01
21.000000 	 1.478401e+01 	 1.736905e+01 	 1.219897e+01
20.000000 	 1.471358e+01 	 1.723599e+01 	 1.219117e+01
19.000000 	 1.464546e+01 	 1.709709e+01 	 1.219383e+01
18.000000 	 1.457976e+01 	 1.695270e+01 	 1.220681e+01
17.000000 	 1.451658e+01 	 1.680322e+01 	 1.222994e+01
16.000000 	 1.445606e+01 	 1.664905e+01 	 1.226306e+01
15.000000 	 1.439831e+01 	 1.649062e+01 	 1.230599e+01
14.000000 	 1.434346e+01 	 1.632839e+01 	 1.235854e+01
13.000000 	 1.429164e+01 	 1.616282e+01 	 1.242047e+01
12.000000 	 1.424299e+01 	 1.599441e+01 	 1.249157e+01
11.000000 	 1.419763e+01 	 1.582367e+01 	 1.257159e+01
10.000000 	 1.415569e+01 	 1.565113e+01 	 1.266026e+01
9.000000 	 1.411731e+01 	 1.547732e+01 	 1.275729e+01
8.000000 	 1.408259e+01 	 1.530280e+01 	 1.286237e+01
7.000000 	 1.405165e+01 	 1.512813e+01 	 1.297518e+01
6.000000 	 1.402461e+01 	 1.495387e+01 	 1.309535e+01
5.000000 	 1.400155e+01 	 1.478058e+01 	 1.322252e+01
4.000000 	 1.398256e+01 	 1.460885e+01 	 1.335628e+01
3.000000 	 1.396772e+01 	 1.443922e+01 	 1.349622e+01
2.000000 	 1.395708e+01 	 1.427226e+01 	 1.364189e+01
1.000000 	 1.395067e+01 	 1.410852e+01 	 1.379282e+01
0.000000 	 1.394854e+01 	 1.394854e+01 	 1.394854e+01
