180.000000 	 2.759088e+01 	 2.759088e+01 	 2.759088e+01
179.000000 	 2.758917e+01 	 2.721081e+01 	 2.796753e+01
178.000000 	 2.758403e+01 	 2.682756e+01 	 2.834051e+01
177.000000 	 2.757547e+01 	 2.644135e+01 	 2.870959e+01
176.000000 	 2.756349e+01 	 2.605245e+01 	 2.907453e+01
175.000000 	 2.754810e+01 	 2.566108e+01 	 2.943511e+01
174.000000 	 2.752930e+01 	 2.526750e+01 	 2.979109e+01
173.000000 	 2.750710e+01 	 2.487195e+01 	 3.014225e+01
172.000000 	 2.748152e+01 	 2.447467e+01 	 3.048836e+01
171.000000 	 2.745256e+01 	 2.407592e+01 	 3.082920e+01
170.000000 	 2.742025e+01 	 2.367594e+01 	 3.116455e+01
169.000000 	 2.738459e+01 	 2.327498e+01 	 3.149419e+01
168.000000 	 2.734560e+01 	 2.287329e+01 	 3.181791e+01
167.000000 	 2.730330e+01 	 2.247111e+01 	 3.213550e+01
166.000000 	 2.725772e+01 	 2.206869e+01 	 3.244675e+01
165.000000 	 2.720887e+01 	 2.166629e+01 	 3.275146e+01
164.000000 	 2.715678e+01 	 2.126414e+01 	 3.304942e+01
163.000000 	 2.710147e+01 	 2.086250e+01 	 3.334044e+01
162.000000 	 2.704297e+01 	 2.046161e+01 	 3.362433e+01
161.000000 	 2.698130e+01 	 2.006172e+01 	 3.390089e+01
160.000000 	 2.691650e+01 	 1.966307e+01 	 3.416994e+01
159.000000 	 2.684860e+01 	 1.926590e+01 	 3.443131e+01
158.000000 	 2.677763e+01 	 1.887045e+01 	 3.468480e+01
157.000000 	 2.670361e+01 	 1.847696e+01 	 3.493026e+01
156.000000 	 2.662660e+01 	 1.808568e+01 	 3.516751e+01
155.000000 	 2.654661e+01 	 1.769683e+01 	 3.539639e+01
154.000000 	 2.646370e+01 	 1.731065e+01 	 3.561674e+01
153.000000 	 2.637789e+01 	 1.692737e+01 	 3.582841e+01
152.000000 	 2.628923e+01 	 1.654723e+01 	 3.603124e+01
151.000000 	 2.619777e+01 	 1.617043e+01 	 3.622510e+01
150.000000 	 2.610347e+01 	 1.579715e+01 	 3.640980e+01
149.000000 	 2.600652e+01 	 1.542774e+01 	 3.658529e+01
148.000000 	 2.590687e+01 	 1.506234e+01 	 3.675141e+01
147.000000 	 2.580460e+01 	 1.470116e+01 	 3.690804e+01
146.000000 	 2.569973e+01 	 1.434442e+01 	 3.705504e+01
145.000000 	 2.559232e+01 	 1.399233e+01 	 3.719232e+01
144.000000 	 2.548242e+01 	 1.364508e+01 	 3.731977e+01
143.000000 	 2.537007e+01 	 1.330286e+01 	 3.743728e+01
142.000000 	 2.525533e+01 	 1.296588e+01 	 3.754478e+01
141.000000 	 2.513824e+01 	 1.263432e+01 	 3.764216e+01
140.000000 	 2.501886e+01 	 1.230837e+01 	 3.772935e+01
139.000000 	 2.489723e+01 	 1.198819e+01 	 3.780627e+01
138.000000 	 2.477340e+01 	 1.167395e+01 	 3.787286e+01
137.000000 	 2.464745e+01 	 1.136584e+01 	 3.792905e+01
136.000000 	 2.451940e+01 	 1.106401e+01 	 3.797479e+01
135.000000 	 2.438933e+01 	 1.076862e+01 	 3.801004e+01
134.000000 	 2.425728e+01 	 1.047982e+01 	 3.803474e+01
133.000000 	 2.412331e+01 	 1.019774e+01 	 3.804888e+01
132.000000 	 2.398746e+01 	 9.922519e+00 	 3.805241e+01
131.000000 	 2.384980e+01 	 9.654293e+00 	 3.804531e+01
130.000000 	 2.371038e+01 	 9.393180e+00 	 3.802759e+01
129.000000 	 2.356926e+01 	 9.139296e+00 	 3.799921e+01
128.000000 	 2.342648e+01 	 8.892743e+00 	 3.796021e+01
127.000000 	 2.328210e+01 	 8.653632e+00 	 3.791056e+01
126.000000 	 2.313618e+01 	 8.422051e+00 	 3.785030e+01
125.000000 	 2.298876e+01 	 8.198083e+00 	 3.777944e+01
124.000000 	 2.283991e+01 	 7.981805e+00 	 3.769802e+01
123.000000 	 2.268968e+01 	 7.773286e+00 	 3.760607e+01
122.000000 	 2.253811e+01 	 7.572585e+00 	 3.750364e+01
121.000000 	 2.238526e+01 	 7.379754e+00 	 3.739077e+01
120.000000 	 2.223119e+01 	 7.194834e+00 	 3.726754e+01
119.000000 	 2.207593e+01 	 7.017861e+00 	 3.713400e+01
118.000000 	 2.191955e+01 	 6.848859e+00 	 3.699023e+01
117.000000 	 2.176208e+01 	 6.687844e+00 	 3.683631e+01
116.000000 	 2.160358e+01 	 6.534822e+00 	 3.667234e+01
115.000000 	 2.144409e+01 	 6.389790e+00 	 3.649839e+01
114.000000 	 2.128367e+01 	 6.252736e+00 	 3.631460e+01
113.000000 	 2.112234e+01 	 6.123638e+00 	 3.612105e+01
112.000000 	 2.096017e+01 	 6.002465e+00 	 3.591787e+01
111.000000 	 2.079718e+01 	 5.889176e+00 	 3.570519e+01
110.000000 	 2.063343e+01 	 5.783720e+00 	 3.548314e+01
109.000000 	 2.046894e+01 	 5.686037e+00 	 3.525185e+01
108.000000 	 2.030377e+01 	 5.596056e+00 	 3.501148e+01
107.000000 	 2.013794e+01 	 5.513698e+00 	 3.476217e+01
106.000000 	 1.997148e+01 	 5.438873e+00 	 3.450410e+01
105.000000 	 1.980445e+01 	 5.371481e+00 	 3.423741e+01
104.000000 	 1.963685e+01 	 5.311414e+00 	 3.396229e+01
103.000000 	 1.946873e+01 	 5.258554e+00 	 3.367892e+01
102.000000 	 1.930012e+01 	 5.212770e+00 	 3.338747e+01
101.000000 	 1.913104e+01 	 5.173927e+00 	 3.308815e+01
100.000000 	 1.896151e+01 	 5.141878e+00 	 3.278115e+01
99.000000 	 1.879157e+01 	 5.116465e+00 	 3.246667e+01
98.000000 	 1.862122e+01 	 5.097524e+00 	 3.214492e+01
97.000000 	 1.845050e+01 	 5.084881e+00 	 3.181612e+01
96.000000 	 1.827941e+01 	 5.078354e+00 	 3.148048e+01
95.000000 	 1.810799e+01 	 5.077750e+00 	 3.113822e+01
94.000000 	 1.793623e+01 	 5.082871e+00 	 3.078959e+01
93.000000 	 1.776416e+01 	 5.093510e+00 	 3.043481e+01
92.000000 	 1.759178e+01 	 5.109451e+00 	 3.007411e+01
91.000000 	 1.741911e+01 	 5.130472e+00 	 2.970775e+01
90.000000 	 1.724615e+01 	 5.156343e+00 	 2.933596e+01
89.000000 	 1.707291e+01 	 5.186828e+00 	 2.895899e+01
88.000000 	 1.689940e+01 	 5.221685e+00 	 2.857711e+01
87.000000 	 1.672561e+01 	 5.260664e+00 	 2.819055e+01
86.000000 	 1.655155e+01 	 5.303512e+00 	 2.779959e+01
85.000000 	 1.637723e+01 	 5.349969e+00 	 2.740449e+01
84.000000 	 1.620264e+01 	 5.399772e+00 	 2.700550e+01
83.000000 	 1.602777e+01 	 5.452650e+00 	 2.660289e+01
82.000000 	 1.585264e+01 	 5.508334e+00 	 2.619694e+01
81.000000 	 1.567723e+01 	 5.566546e+00 	 2.578791e+01
80.000000 	 1.550154e+01 	 5.627008e+00 	 2.537607e+01
79.000000 	 1.532556e+01 	 5.689440e+00 	 2.496169e+01
78.000000 	 1.514930e+01 	 5.753560e+00 	 2.454505e+01
77.000000 	 1.497275e+01 	 5.819083e+00 	 2.412641e+01
76.000000 	 1.479589e+01 	 5.885727e+00 	 2.370606e+01
75.000000 	 1.461873e+01 	 5.953206e+00 	 2.328426e+01
74.000000 	 1.444126e+01 	 6.021238e+00 	 2.286129e+01
73.000000 	 1.426348e+01 	 6.089539e+00 	 2.243742e+01
72.000000 	 1.408538e+01 	 6.157829e+00 	 2.201293e+01
71.000000 	 1.390695e+01 	 6.225830e+00 	 2.158808e+01
70.000000 	 1.372820e+01 	 6.293266e+00 	 2.116314e+01
69.000000 	 1.354912e+01 	 6.359866e+00 	 2.073838e+01
68.000000 	 1.336972e+01 	 6.425362e+00 	 2.031407e+01
67.000000 	 1.318998e+01 	 6.489493e+00 	 1.989048e+01
66.000000 	 1.300993e+01 	 6.551999e+00 	 1.946786e+01
65.000000 	 1.282955e+01 	 6.612632e+00 	 1.904647e+01
64.000000 	 1.264886e+01 	 6.671145e+00 	 1.862658e+01
63.000000 	 1.246787e+01 	 6.727302e+00 	 1.820844e+01
62.000000 	 1.228659e+01 	 6.780873e+00 	 1.779231e+01
61.000000 	 1.210503e+01 	 6.831637e+00 	 1.737842e+01
60.000000 	 1.192321e+01 	 6.879383e+00 	 1.696703e+01
59.000000 	 1.174115e+01 	 6.923906e+00 	 1.655839e+01
58.000000 	 1.155887e+01 	 6.965016e+00 	 1.615272e+01
57.000000 	 1.137640e+01 	 7.002530e+00 	 1.575028e+01
56.000000 	 1.119378e+01 	 7.036275e+00 	 1.535128e+01
55.000000 	 1.101103e+01 	 7.066094e+00 	 1.495597e+01
54.000000 	 1.082820e+01 	 7.091837e+00 	 1.456456e+01
53.000000 	 1.064532e+01 	 7.113368e+00 	 1.417728e+01
52.000000 	 1.046245e+01 	 7.130565e+00 	 1.379434e+01
51.000000 	 1.027964e+01 	 7.143317e+00 	 1.341596e+01
50.000000 	 1.009694e+01 	 7.151527e+00 	 1.304236e+01
49.000000 	 9.914417e+00 	 7.155112e+00 	 1.267372e+01
48.000000 	 9.732133e+00 	 7.154001e+00 	 1.231027e+01
47.000000 	 9.550162e+00 	 7.148141e+00 	 1.195218e+01
46.000000 	 9.368579e+00 	 7.137488e+00 	 1.159967e+01
45.000000 	 9.187467e+00 	 7.122017e+00 	 1.125292e+01
44.000000 	 9.006911e+00 	 7.101714e+00 	 1.091211e+01
43.000000 	 8.827004e+00 	 7.076583e+00 	 1.057742e+01
42.000000 	 8.647843e+00 	 7.046640e+00 	 1.024905e+01
41.000000 	 8.469532e+00 	 7.011917e+00 	 9.927147e+00
40.000000 	 8.292180e+00 	 6.972463e+00 	 9.611897e+00
39.000000 	 8.115900e+00 	 6.928338e+00 	 9.303462e+00
38.000000 	 7.940813e+00 	 6.879620e+00 	 9.002005e+00
37.000000 	 7.767043e+00 	 6.826402e+00 	 8.707684e+00
36.000000 	 7.594723e+00 	 6.768790e+00 	 8.420656e+00
35.000000 	 7.423988e+00 	 6.706906e+00 	 8.141070e+00
34.000000 	 7.254981e+00 	 6.640888e+00 	 7.869074e+00
33.000000 	 7.087849e+00 	 6.570887e+00 	 7.604811e+00
32.000000 	 6.922747e+00 	 6.497072e+00 	 7.348423e+00
31.000000 	 6.759833e+00 	 6.419623e+00 	 7.100043e+00
30.000000 	 6.599271e+00 	 6.338738e+00 	 6.859804e+00
29.000000 	 6.441231e+00 	 6.254627e+00 	 6.627834e+00
28.000000 	 6.285886e+00 	 6.167516e+00 	 6.404256e+00
27.000000 	 6.133417e+00 	 6.077646e+00 	 6.189188e+00
26.000000 	 5.984008e+00 	 5.985272e+00 	 5.982745e+00
25.000000 	 5.837848e+00 	 5.890661e+00 	 5.785035e+00
24.000000 	 5.695129e+00 	 5.794097e+00 	 5.596161e+00
23.000000 	 5.556049e+00 	 5.695877e+00 	 5.416221e+00
22.000000 	 5.420807e+00 	 5.596309e+00 	 5.245305e+00
21.000000 	 5.289607e+00 	 5.495717e+00 	 5.083497e+00
20.000000 	 5.162654e+00 	 5.394436e+00 	 4.930871e+00
19.000000 	 5.040155e+00 	 5.292815e+00 	 4.787496e+00
18.000000 	 4.922319e+00 	 5.191210e+00 	 4.653428e+00
17.000000 	 4.809354e+00 	 5.089993e+00 	 4.528715e+00
16.000000 	 4.701468e+00 	 4.989543e+00 	 4.413393e+00
15.000000 	 4.598866e+00 	 4.890248e+00 	 4.307484e+00
14.000000 	 4.501751e+00 	 4.792503e+00 	 4.210999e+00
13.000000 	 4.410323e+00 	 4.696713e+00 	 4.123934e+00
12.000000 	 4.324775e+00 	 4.603283e+00 	 4.046268e+00
11.000000 	 4.245295e+00 	 4.512626e+00 	 3.977963e+00
10.000000 	 4.172060e+00 	 4.425155e+00 	 3.918964e+00
9.000000 	 4.105240e+00 	 4.341282e+00 	 3.869199e+00
8.000000 	 4.044996e+00 	 4.261420e+00 	 3.828571e+00
7.000000 	 3.991472e+00 	 4.185977e+00 	 3.796967e+00
6.000000 	 3.944802e+00 	 4.115354e+00 	 3.774250e+00
5.000000 	 3.905104e+00 	 4.049946e+00 	 3.760263e+00
4.000000 	 3.872481e+00 	 3.990138e+00 	 3.754824e+00
3.000000 	 3.847017e+00 	 3.936304e+00 	 3.757731e+00
2.000000 	 3.828780e+00 	 3.888803e+00 	 3.768758e+00
1.000000 	 3.817818e+00 	 3.847979e+00 	 3.787657e+00
0.000000 	 3.814161e+00 	 3.814161e+00 	 3.814161e+00
