180.000000 	 7.761831e+01 	 7.761831e+01 	 7.761831e+01
179.000000 	 7.761607e+01 	 7.683432e+01 	 7.839782e+01
178.000000 	 7.760936e+01 	 7.604634e+01 	 7.917238e+01
177.000000 	 7.759818e+01 	 7.525486e+01 	 7.994150e+01
176.000000 	 7.758253e+01 	 7.446035e+01 	 8.070472e+01
175.000000 	 7.756243e+01 	 7.366329e+01 	 8.146156e+01
174.000000 	 7.753787e+01 	 7.286420e+01 	 8.221154e+01
173.000000 	 7.750885e+01 	 7.206353e+01 	 8.295417e+01
172.000000 	 7.747539e+01 	 7.126179e+01 	 8.368900e+01
171.000000 	 7.743751e+01 	 7.045947e+01 	 8.441554e+01
170.000000 	 7.739521e+01 	 6.965707e+01 	 8.513335e+01
169.000000 	 7.734850e+01 	 6.885507e+01 	 8.584192e+01
168.000000 	 7.729740e+01 	 6.805398e+01 	 8.654081e+01
167.000000 	 7.724193e+01 	 6.725430e+01 	 8.722955e+01
166.000000 	 7.718210e+01 	 6.645654e+01 	 8.790766e+01
165.000000 	 7.711794e+01 	 6.566120e+01 	 8.857468e+01
164.000000 	 7.704944e+01 	 6.486876e+01 	 8.923013e+01
163.000000 	 7.697667e+01 	 6.407976e+01 	 8.987357e+01
162.000000 	 7.689963e+01 	 6.329472e+01 	 9.050454e+01
161.000000 	 7.681835e+01 	 6.251413e+01 	 9.112256e+01
160.000000 	 7.673285e+01 	 6.173851e+01 	 9.172718e+01
159.000000 	 7.664317e+01 	 6.096840e+01 	 9.231794e+01
158.000000 	 7.652608e+01 	 6.019090e+01 	 9.286125e+01
157.000000 	 7.642858e+01 	 5.943407e+01 	 9.342308e+01
156.000000 	 7.632702e+01 	 5.868431e+01 	 9.396973e+01
155.000000 	 7.622144e+01 	 5.794215e+01 	 9.450074e+01
154.000000 	 7.611188e+01 	 5.720811e+01 	 9.501566e+01
153.000000 	 7.599840e+01 	 5.648274e+01 	 9.551405e+01
152.000000 	 7.588102e+01 	 5.576658e+01 	 9.599547e+01
151.000000 	 7.575982e+01 	 5.506017e+01 	 9.645947e+01
150.000000 	 7.563484e+01 	 5.436405e+01 	 9.690562e+01
149.000000 	 7.549650e+01 	 5.367510e+01 	 9.731790e+01
148.000000 	 7.536441e+01 	 5.300153e+01 	 9.772729e+01
147.000000 	 7.522872e+01 	 5.233989e+01 	 9.811755e+01
146.000000 	 7.508950e+01 	 5.169074e+01 	 9.848827e+01
145.000000 	 7.494683e+01 	 5.105465e+01 	 9.883901e+01
144.000000 	 7.480077e+01 	 5.043217e+01 	 9.916938e+01
143.000000 	 7.465141e+01 	 4.982386e+01 	 9.947896e+01
142.000000 	 7.449362e+01 	 4.922923e+01 	 9.975801e+01
141.000000 	 7.433811e+01 	 4.865115e+01 	 1.000251e+02
140.000000 	 7.417955e+01 	 4.808895e+01 	 1.002702e+02
139.000000 	 7.401805e+01 	 4.754320e+01 	 1.004929e+02
138.000000 	 7.385370e+01 	 4.701448e+01 	 1.006929e+02
137.000000 	 7.368662e+01 	 4.650337e+01 	 1.008699e+02
136.000000 	 7.351380e+01 	 4.601028e+01 	 1.010173e+02
135.000000 	 7.334174e+01 	 4.553621e+01 	 1.011473e+02
134.000000 	 7.316729e+01 	 4.508148e+01 	 1.012531e+02
133.000000 	 7.299058e+01 	 4.464669e+01 	 1.013345e+02
132.000000 	 7.281174e+01 	 4.423240e+01 	 1.013911e+02
131.000000 	 7.262897e+01 	 4.383938e+01 	 1.014186e+02
130.000000 	 7.244644e+01 	 4.346792e+01 	 1.014250e+02
129.000000 	 7.226223e+01 	 4.311872e+01 	 1.014057e+02
128.000000 	 7.207649e+01 	 4.279237e+01 	 1.013606e+02
127.000000 	 7.188940e+01 	 4.248946e+01 	 1.012894e+02
126.000000 	 7.169995e+01 	 4.221082e+01 	 1.011891e+02
125.000000 	 7.151079e+01 	 4.195653e+01 	 1.010651e+02
124.000000 	 7.132083e+01 	 4.172740e+01 	 1.009143e+02
123.000000 	 7.113027e+01 	 4.152403e+01 	 1.007365e+02
122.000000 	 7.093856e+01 	 4.134720e+01 	 1.005299e+02
121.000000 	 7.074751e+01 	 4.119702e+01 	 1.002980e+02
120.000000 	 7.055650e+01 	 4.107430e+01 	 1.000387e+02
119.000000 	 7.036577e+01 	 4.097958e+01 	 9.975196e+01
118.000000 	 7.017513e+01 	 4.091358e+01 	 9.943669e+01
117.000000 	 6.998577e+01 	 4.087651e+01 	 9.909504e+01
116.000000 	 6.979746e+01 	 4.086910e+01 	 9.872582e+01
115.000000 	 6.961046e+01 	 4.089188e+01 	 9.832904e+01
114.000000 	 6.942484e+01 	 4.094537e+01 	 9.790431e+01
113.000000 	 6.924139e+01 	 4.103004e+01 	 9.745273e+01
112.000000 	 6.906013e+01 	 4.114644e+01 	 9.697382e+01
111.000000 	 6.888139e+01 	 4.129507e+01 	 9.646772e+01
110.000000 	 6.870541e+01 	 4.147623e+01 	 9.593460e+01
109.000000 	 6.853273e+01 	 4.169067e+01 	 9.537479e+01
108.000000 	 6.836358e+01 	 4.193875e+01 	 9.478842e+01
107.000000 	 6.819830e+01 	 4.222059e+01 	 9.417601e+01
106.000000 	 6.803733e+01 	 4.253715e+01 	 9.353751e+01
105.000000 	 6.788101e+01 	 4.288860e+01 	 9.287342e+01
104.000000 	 6.772973e+01 	 4.327489e+01 	 9.218457e+01
103.000000 	 6.758392e+01 	 4.369719e+01 	 9.147065e+01
102.000000 	 6.744397e+01 	 4.415546e+01 	 9.073249e+01
101.000000 	 6.731033e+01 	 4.465003e+01 	 8.997063e+01
100.000000 	 6.718345e+01 	 4.518057e+01 	 8.918633e+01
99.000000 	 6.706375e+01 	 4.574853e+01 	 8.837897e+01
98.000000 	 6.695172e+01 	 4.635360e+01 	 8.754983e+01
97.000000 	 6.684783e+01 	 4.699524e+01 	 8.670042e+01
96.000000 	 6.675256e+01 	 4.767506e+01 	 8.583006e+01
95.000000 	 6.666642e+01 	 4.839255e+01 	 8.494030e+01
94.000000 	 6.658990e+01 	 4.914693e+01 	 8.403287e+01
93.000000 	 6.652354e+01 	 4.993997e+01 	 8.310712e+01
92.000000 	 6.646787e+01 	 5.077091e+01 	 8.216484e+01
91.000000 	 6.642337e+01 	 5.163877e+01 	 8.120796e+01
90.000000 	 6.639068e+01 	 5.254542e+01 	 8.023593e+01
89.000000 	 6.637022e+01 	 5.348885e+01 	 7.925160e+01
88.000000 	 6.636273e+01 	 5.447091e+01 	 7.825456e+01
87.000000 	 6.636870e+01 	 5.549048e+01 	 7.724692e+01
86.000000 	 6.638856e+01 	 5.654623e+01 	 7.623088e+01
85.000000 	 6.642315e+01 	 5.764007e+01 	 7.520623e+01
84.000000 	 6.647294e+01 	 5.877062e+01 	 7.417526e+01
83.000000 	 6.653832e+01 	 5.993632e+01 	 7.314032e+01
82.000000 	 6.662024e+01 	 6.113908e+01 	 7.210141e+01
81.000000 	 6.671913e+01 	 6.237727e+01 	 7.106099e+01
80.000000 	 6.683532e+01 	 6.364910e+01 	 7.002154e+01
79.000000 	 6.696987e+01 	 6.495642e+01 	 6.898332e+01
78.000000 	 6.712286e+01 	 6.629611e+01 	 6.794962e+01
77.000000 	 6.729541e+01 	 6.766991e+01 	 6.692092e+01
76.000000 	 6.748783e+01 	 6.907579e+01 	 6.589986e+01
75.000000 	 6.770034e+01 	 7.051161e+01 	 6.488906e+01
74.000000 	 6.793414e+01 	 7.197898e+01 	 6.388930e+01
73.000000 	 6.818946e+01 	 7.347563e+01 	 6.290329e+01
72.000000 	 6.846644e+01 	 7.499918e+01 	 6.193370e+01
71.000000 	 6.876632e+01 	 7.655104e+01 	 6.098161e+01
70.000000 	 6.908884e+01 	 7.812746e+01 	 6.005023e+01
69.000000 	 6.943524e+01 	 7.972962e+01 	 5.914086e+01
68.000000 	 6.980557e+01 	 8.135489e+01 	 5.825624e+01
67.000000 	 7.019982e+01 	 8.300059e+01 	 5.739905e+01
66.000000 	 7.061922e+01 	 8.466760e+01 	 5.657083e+01
65.000000 	 7.106369e+01 	 8.635309e+01 	 5.577430e+01
64.000000 	 7.153312e+01 	 8.805416e+01 	 5.501208e+01
63.000000 	 7.202866e+01 	 8.977139e+01 	 5.428593e+01
62.000000 	 7.254966e+01 	 9.150059e+01 	 5.359872e+01
61.000000 	 7.309720e+01 	 9.324207e+01 	 5.295232e+01
60.000000 	 7.367098e+01 	 9.499266e+01 	 5.234930e+01
59.000000 	 7.427066e+01 	 9.674922e+01 	 5.179210e+01
58.000000 	 7.489716e+01 	 9.851161e+01 	 5.128271e+01
57.000000 	 7.554959e+01 	 1.002756e+02 	 5.082360e+01
56.000000 	 7.622874e+01 	 1.020407e+02 	 5.041680e+01
55.000000 	 7.693404e+01 	 1.038035e+02 	 5.006456e+01
54.000000 	 7.766488e+01 	 1.055608e+02 	 4.976898e+01
53.000000 	 7.842180e+01 	 1.073115e+02 	 4.953205e+01
52.000000 	 7.920404e+01 	 1.090523e+02 	 4.935576e+01
51.000000 	 8.001082e+01 	 1.107797e+02 	 4.924194e+01
50.000000 	 8.084239e+01 	 1.124923e+02 	 4.919244e+01
49.000000 	 8.169780e+01 	 1.141867e+02 	 4.920891e+01
48.000000 	 8.257606e+01 	 1.158593e+02 	 4.929283e+01
47.000000 	 8.347710e+01 	 1.175084e+02 	 4.944583e+01
46.000000 	 8.439975e+01 	 1.191303e+02 	 4.966916e+01
45.000000 	 8.534285e+01 	 1.207218e+02 	 4.996389e+01
44.000000 	 8.630591e+01 	 1.222805e+02 	 5.033130e+01
43.000000 	 8.728758e+01 	 1.238030e+02 	 5.077218e+01
42.000000 	 8.828649e+01 	 1.252858e+02 	 5.128714e+01
41.000000 	 8.930176e+01 	 1.267265e+02 	 5.187701e+01
40.000000 	 9.033182e+01 	 1.281216e+02 	 5.254204e+01
39.000000 	 9.137511e+01 	 1.294679e+02 	 5.328235e+01
38.000000 	 9.243033e+01 	 1.307625e+02 	 5.409818e+01
37.000000 	 9.349572e+01 	 1.320022e+02 	 5.498925e+01
36.000000 	 9.456956e+01 	 1.331840e+02 	 5.595510e+01
35.000000 	 9.565009e+01 	 1.343048e+02 	 5.699534e+01
34.000000 	 9.673540e+01 	 1.353617e+02 	 5.810909e+01
33.000000 	 9.782363e+01 	 1.363520e+02 	 5.929529e+01
32.000000 	 9.891261e+01 	 1.372724e+02 	 6.055284e+01
31.000000 	 1.000003e+02 	 1.381203e+02 	 6.188026e+01
30.000000 	 1.010845e+02 	 1.388932e+02 	 6.327589e+01
29.000000 	 1.021634e+02 	 1.395888e+02 	 6.473790e+01
28.000000 	 1.032341e+02 	 1.402040e+02 	 6.626416e+01
27.000000 	 1.042946e+02 	 1.407368e+02 	 6.785240e+01
26.000000 	 1.053426e+02 	 1.411851e+02 	 6.950009e+01
25.000000 	 1.063760e+02 	 1.415474e+02 	 7.120467e+01
24.000000 	 1.073919e+02 	 1.418207e+02 	 7.296299e+01
23.000000 	 1.083881e+02 	 1.420041e+02 	 7.477204e+01
22.000000 	 1.093622e+02 	 1.420959e+02 	 7.662854e+01
21.000000 	 1.103120e+02 	 1.420950e+02 	 7.852901e+01
20.000000 	 1.112356e+02 	 1.420011e+02 	 8.047011e+01
19.000000 	 1.121297e+02 	 1.418119e+02 	 8.244750e+01
18.000000 	 1.129925e+02 	 1.415275e+02 	 8.445751e+01
17.000000 	 1.138219e+02 	 1.411477e+02 	 8.649605e+01
16.000000 	 1.146157e+02 	 1.406725e+02 	 8.855893e+01
15.000000 	 1.153720e+02 	 1.401021e+02 	 9.064184e+01
14.000000 	 1.160893e+02 	 1.394378e+02 	 9.274083e+01
13.000000 	 1.167647e+02 	 1.386788e+02 	 9.485054e+01
12.000000 	 1.173969e+02 	 1.378271e+02 	 9.696682e+01
11.000000 	 1.179845e+02 	 1.368839e+02 	 9.908505e+01
10.000000 	 1.185259e+02 	 1.358512e+02 	 1.012006e+02
9.000000 	 1.190197e+02 	 1.347308e+02 	 1.033086e+02
8.000000 	 1.194648e+02 	 1.335250e+02 	 1.054046e+02
7.000000 	 1.198600e+02 	 1.322364e+02 	 1.074836e+02
6.000000 	 1.202044e+02 	 1.308679e+02 	 1.095409e+02
5.000000 	 1.204972e+02 	 1.294225e+02 	 1.115719e+02
4.000000 	 1.207377e+02 	 1.279036e+02 	 1.135717e+02
3.000000 	 1.209253e+02 	 1.263148e+02 	 1.155358e+02
2.000000 	 1.210604e+02 	 1.246607e+02 	 1.174602e+02
1.000000 	 1.211411e+02 	 1.229434e+02 	 1.193389e+02
0.000000 	 1.211681e+02 	 1.211681e+02 	 1.211681e+02
