180.000000 	 2.058378e+01 	 2.058378e+01 	 2.058378e+01
179.000000 	 2.058221e+01 	 2.029868e+01 	 2.086575e+01
178.000000 	 2.057750e+01 	 2.001061e+01 	 2.114439e+01
177.000000 	 2.056965e+01 	 1.971978e+01 	 2.141952e+01
176.000000 	 2.055867e+01 	 1.942636e+01 	 2.169097e+01
175.000000 	 2.054456e+01 	 1.913056e+01 	 2.195855e+01
174.000000 	 2.052733e+01 	 1.883255e+01 	 2.222211e+01
173.000000 	 2.050699e+01 	 1.853253e+01 	 2.248145e+01
172.000000 	 2.048357e+01 	 1.823071e+01 	 2.273642e+01
171.000000 	 2.045706e+01 	 1.792726e+01 	 2.298686e+01
170.000000 	 2.042749e+01 	 1.762239e+01 	 2.323258e+01
169.000000 	 2.039487e+01 	 1.731630e+01 	 2.347345e+01
168.000000 	 2.035924e+01 	 1.700918e+01 	 2.370929e+01
167.000000 	 2.032060e+01 	 1.670123e+01 	 2.393996e+01
166.000000 	 2.027898e+01 	 1.639265e+01 	 2.416531e+01
165.000000 	 2.023441e+01 	 1.608364e+01 	 2.438518e+01
164.000000 	 2.018692e+01 	 1.577439e+01 	 2.459944e+01
163.000000 	 2.013653e+01 	 1.546511e+01 	 2.480795e+01
162.000000 	 2.008328e+01 	 1.515599e+01 	 2.501057e+01
161.000000 	 2.002720e+01 	 1.484723e+01 	 2.520717e+01
160.000000 	 1.996833e+01 	 1.453903e+01 	 2.539763e+01
159.000000 	 1.990669e+01 	 1.423158e+01 	 2.558181e+01
158.000000 	 1.984234e+01 	 1.392508e+01 	 2.575959e+01
157.000000 	 1.977530e+01 	 1.361973e+01 	 2.593088e+01
156.000000 	 1.970563e+01 	 1.331572e+01 	 2.609554e+01
155.000000 	 1.963336e+01 	 1.301324e+01 	 2.625348e+01
154.000000 	 1.955854e+01 	 1.271248e+01 	 2.640459e+01
153.000000 	 1.948121e+01 	 1.241364e+01 	 2.654877e+01
152.000000 	 1.940142e+01 	 1.211689e+01 	 2.668594e+01
151.000000 	 1.931921e+01 	 1.182242e+01 	 2.681601e+01
150.000000 	 1.923465e+01 	 1.153043e+01 	 2.693888e+01
149.000000 	 1.914778e+01 	 1.124108e+01 	 2.705448e+01
148.000000 	 1.905865e+01 	 1.095456e+01 	 2.716275e+01
147.000000 	 1.896732e+01 	 1.067104e+01 	 2.726360e+01
146.000000 	 1.887383e+01 	 1.039069e+01 	 2.735698e+01
145.000000 	 1.877826e+01 	 1.011369e+01 	 2.744282e+01
144.000000 	 1.868064e+01 	 9.840203e+00 	 2.752108e+01
143.000000 	 1.858105e+01 	 9.570390e+00 	 2.759171e+01
142.000000 	 1.847954e+01 	 9.304413e+00 	 2.765466e+01
141.000000 	 1.837616e+01 	 9.042428e+00 	 2.770990e+01
140.000000 	 1.827099e+01 	 8.784586e+00 	 2.775739e+01
139.000000 	 1.816407e+01 	 8.531038e+00 	 2.779711e+01
138.000000 	 1.805548e+01 	 8.281926e+00 	 2.782903e+01
137.000000 	 1.794527e+01 	 8.037391e+00 	 2.785315e+01
136.000000 	 1.783351e+01 	 7.797569e+00 	 2.786944e+01
135.000000 	 1.772025e+01 	 7.562590e+00 	 2.787792e+01
134.000000 	 1.760557e+01 	 7.332579e+00 	 2.787856e+01
133.000000 	 1.748953e+01 	 7.107659e+00 	 2.787140e+01
132.000000 	 1.737219e+01 	 6.887945e+00 	 2.785643e+01
131.000000 	 1.725361e+01 	 6.673547e+00 	 2.783367e+01
130.000000 	 1.713386e+01 	 6.464571e+00 	 2.780315e+01
129.000000 	 1.701300e+01 	 6.261116e+00 	 2.776489e+01
128.000000 	 1.689111e+01 	 6.063275e+00 	 2.771894e+01
127.000000 	 1.676823e+01 	 5.871137e+00 	 2.766532e+01
126.000000 	 1.664444e+01 	 5.684784e+00 	 2.760409e+01
125.000000 	 1.651980e+01 	 5.504291e+00 	 2.753530e+01
124.000000 	 1.639436e+01 	 5.329727e+00 	 2.745900e+01
123.000000 	 1.626821e+01 	 5.161156e+00 	 2.737526e+01
122.000000 	 1.614139e+01 	 4.998634e+00 	 2.728414e+01
121.000000 	 1.601396e+01 	 4.842210e+00 	 2.718572e+01
120.000000 	 1.588600e+01 	 4.691929e+00 	 2.708007e+01
119.000000 	 1.575755e+01 	 4.547826e+00 	 2.696728e+01
118.000000 	 1.562868e+01 	 4.409930e+00 	 2.684743e+01
117.000000 	 1.549945e+01 	 4.278265e+00 	 2.672063e+01
116.000000 	 1.536990e+01 	 4.152844e+00 	 2.658696e+01
115.000000 	 1.524011e+01 	 4.033676e+00 	 2.644654e+01
114.000000 	 1.511012e+01 	 3.920763e+00 	 2.629947e+01
113.000000 	 1.497998e+01 	 3.814097e+00 	 2.614586e+01
112.000000 	 1.484975e+01 	 3.713665e+00 	 2.598584e+01
111.000000 	 1.471948e+01 	 3.619446e+00 	 2.581951e+01
110.000000 	 1.458922e+01 	 3.531411e+00 	 2.564703e+01
109.000000 	 1.445901e+01 	 3.449525e+00 	 2.546850e+01
108.000000 	 1.432891e+01 	 3.373744e+00 	 2.528407e+01
107.000000 	 1.419895e+01 	 3.304019e+00 	 2.509388e+01
106.000000 	 1.406918e+01 	 3.240291e+00 	 2.489807e+01
105.000000 	 1.393964e+01 	 3.182495e+00 	 2.469679e+01
104.000000 	 1.381037e+01 	 3.130559e+00 	 2.449019e+01
103.000000 	 1.368141e+01 	 3.084404e+00 	 2.427842e+01
102.000000 	 1.355279e+01 	 3.043942e+00 	 2.406164e+01
101.000000 	 1.342454e+01 	 3.009081e+00 	 2.384001e+01
100.000000 	 1.329671e+01 	 2.979719e+00 	 2.361369e+01
99.000000 	 1.316930e+01 	 2.955750e+00 	 2.338286e+01
98.000000 	 1.304237e+01 	 2.937058e+00 	 2.314767e+01
97.000000 	 1.291592e+01 	 2.923525e+00 	 2.290831e+01
96.000000 	 1.278998e+01 	 2.915022e+00 	 2.266494e+01
95.000000 	 1.266458e+01 	 2.911418e+00 	 2.241774e+01
94.000000 	 1.253973e+01 	 2.912571e+00 	 2.216688e+01
93.000000 	 1.241545e+01 	 2.918338e+00 	 2.191256e+01
92.000000 	 1.229175e+01 	 2.928569e+00 	 2.165493e+01
91.000000 	 1.216865e+01 	 2.943106e+00 	 2.139420e+01
90.000000 	 1.204616e+01 	 2.961789e+00 	 2.113054e+01
89.000000 	 1.192429e+01 	 2.984451e+00 	 2.086413e+01
88.000000 	 1.180304e+01 	 3.010923e+00 	 2.059515e+01
87.000000 	 1.168242e+01 	 3.041029e+00 	 2.032380e+01
86.000000 	 1.156243e+01 	 3.074590e+00 	 2.005026e+01
85.000000 	 1.144307e+01 	 3.111423e+00 	 1.977471e+01
84.000000 	 1.132434e+01 	 3.151342e+00 	 1.949734e+01
83.000000 	 1.120624e+01 	 3.194157e+00 	 1.921833e+01
82.000000 	 1.108877e+01 	 3.239676e+00 	 1.893786e+01
81.000000 	 1.097191e+01 	 3.287705e+00 	 1.865612e+01
80.000000 	 1.085567e+01 	 3.338047e+00 	 1.837330e+01
79.000000 	 1.074003e+01 	 3.390503e+00 	 1.808956e+01
78.000000 	 1.062498e+01 	 3.444873e+00 	 1.780510e+01
77.000000 	 1.051052e+01 	 3.500958e+00 	 1.752008e+01
76.000000 	 1.039662e+01 	 3.558555e+00 	 1.723469e+01
75.000000 	 1.028328e+01 	 3.617463e+00 	 1.694911e+01
74.000000 	 1.017049e+01 	 3.677480e+00 	 1.666349e+01
73.000000 	 1.005822e+01 	 3.738407e+00 	 1.637803e+01
72.000000 	 9.946460e+00 	 3.800043e+00 	 1.609288e+01
71.000000 	 9.835199e+00 	 3.862190e+00 	 1.580821e+01
70.000000 	 9.724418e+00 	 3.924652e+00 	 1.552419e+01
69.000000 	 9.614102e+00 	 3.987234e+00 	 1.524097e+01
68.000000 	 9.504235e+00 	 4.049745e+00 	 1.495872e+01
67.000000 	 9.394799e+00 	 4.111997e+00 	 1.467760e+01
66.000000 	 9.285780e+00 	 4.173804e+00 	 1.439776e+01
65.000000 	 9.177163e+00 	 4.234985e+00 	 1.411934e+01
64.000000 	 9.068933e+00 	 4.295364e+00 	 1.384250e+01
63.000000 	 8.961076e+00 	 4.354766e+00 	 1.356739e+01
62.000000 	 8.853580e+00 	 4.413026e+00 	 1.329413e+01
61.000000 	 8.746434e+00 	 4.469981e+00 	 1.302289e+01
60.000000 	 8.639628e+00 	 4.525473e+00 	 1.275378e+01
59.000000 	 8.533152e+00 	 4.579353e+00 	 1.248695e+01
58.000000 	 8.427000e+00 	 4.631476e+00 	 1.222252e+01
57.000000 	 8.321168e+00 	 4.681705e+00 	 1.196063e+01
56.000000 	 8.215651e+00 	 4.729908e+00 	 1.170139e+01
55.000000 	 8.110449e+00 	 4.775962e+00 	 1.144494e+01
54.000000 	 8.005564e+00 	 4.819752e+00 	 1.119138e+01
53.000000 	 7.901000e+00 	 4.861168e+00 	 1.094083e+01
52.000000 	 7.796762e+00 	 4.900110e+00 	 1.069341e+01
51.000000 	 7.692861e+00 	 4.936487e+00 	 1.044923e+01
50.000000 	 7.589308e+00 	 4.970214e+00 	 1.020840e+01
49.000000 	 7.486119e+00 	 5.001215e+00 	 9.971023e+00
48.000000 	 7.383312e+00 	 5.029426e+00 	 9.737198e+00
47.000000 	 7.280909e+00 	 5.054787e+00 	 9.507031e+00
46.000000 	 7.178934e+00 	 5.077250e+00 	 9.280618e+00
45.000000 	 7.077417e+00 	 5.096777e+00 	 9.058058e+00
44.000000 	 6.976390e+00 	 5.113336e+00 	 8.839443e+00
43.000000 	 6.875887e+00 	 5.126908e+00 	 8.624867e+00
42.000000 	 6.775949e+00 	 5.137480e+00 	 8.414419e+00
41.000000 	 6.676620e+00 	 5.145052e+00 	 8.208188e+00
40.000000 	 6.577945e+00 	 5.149630e+00 	 8.006261e+00
39.000000 	 6.479977e+00 	 5.151234e+00 	 7.808721e+00
38.000000 	 6.382771e+00 	 5.149889e+00 	 7.615653e+00
37.000000 	 6.286385e+00 	 5.145633e+00 	 7.427137e+00
36.000000 	 6.190882e+00 	 5.138512e+00 	 7.243253e+00
35.000000 	 6.096330e+00 	 5.128583e+00 	 7.064077e+00
34.000000 	 6.002799e+00 	 5.115912e+00 	 6.889687e+00
33.000000 	 5.910365e+00 	 5.100575e+00 	 6.720155e+00
32.000000 	 5.819105e+00 	 5.082657e+00 	 6.555554e+00
31.000000 	 5.729103e+00 	 5.062253e+00 	 6.395952e+00
30.000000 	 5.640444e+00 	 5.039469e+00 	 6.241419e+00
29.000000 	 5.553218e+00 	 5.014419e+00 	 6.092018e+00
28.000000 	 5.467519e+00 	 4.987227e+00 	 5.947812e+00
27.000000 	 5.383443e+00 	 4.958026e+00 	 5.808860e+00
26.000000 	 5.301089e+00 	 4.926959e+00 	 5.675219e+00
25.000000 	 5.220560e+00 	 4.894178e+00 	 5.546942e+00
24.000000 	 5.141960e+00 	 4.859844e+00 	 5.424077e+00
23.000000 	 5.065397e+00 	 4.824126e+00 	 5.306668e+00
22.000000 	 4.990981e+00 	 4.787204e+00 	 5.194757e+00
21.000000 	 4.918820e+00 	 4.749264e+00 	 5.088377e+00
20.000000 	 4.849029e+00 	 4.710500e+00 	 4.987557e+00
19.000000 	 4.781719e+00 	 4.671116e+00 	 4.892321e+00
18.000000 	 4.717003e+00 	 4.631321e+00 	 4.802685e+00
17.000000 	 4.654994e+00 	 4.591332e+00 	 4.718656e+00
16.000000 	 4.595804e+00 	 4.551371e+00 	 4.640237e+00
15.000000 	 4.539543e+00 	 4.511667e+00 	 4.567419e+00
14.000000 	 4.486320e+00 	 4.472454e+00 	 4.500186e+00
13.000000 	 4.436240e+00 	 4.433969e+00 	 4.438512e+00
12.000000 	 4.389407e+00 	 4.396454e+00 	 4.382360e+00
11.000000 	 4.345918e+00 	 4.360152e+00 	 4.331684e+00
10.000000 	 4.305867e+00 	 4.325311e+00 	 4.286424e+00
9.000000 	 4.269343e+00 	 4.292175e+00 	 4.246512e+00
8.000000 	 4.236428e+00 	 4.260991e+00 	 4.211866e+00
7.000000 	 4.207198e+00 	 4.232004e+00 	 4.182392e+00
6.000000 	 4.181721e+00 	 4.205458e+00 	 4.157985e+00
5.000000 	 4.160058e+00 	 4.181591e+00 	 4.138525e+00
4.000000 	 4.142261e+00 	 4.160638e+00 	 4.123883e+00
3.000000 	 4.128372e+00 	 4.142829e+00 	 4.113916e+00
2.000000 	 4.118428e+00 	 4.128387e+00 	 4.108469e+00
1.000000 	 4.112451e+00 	 4.117527e+00 	 4.107375e+00
0.000000 	 4.110457e+00 	 4.110457e+00 	 4.110457e+00
