180.000000 	 1.561546e+02 	 1.561546e+02 	 1.561546e+02
179.000000 	 1.561546e+02 	 1.547193e+02 	 1.575898e+02
178.000000 	 1.561546e+02 	 1.532846e+02 	 1.590245e+02
177.000000 	 1.561546e+02 	 1.518511e+02 	 1.604581e+02
176.000000 	 1.561546e+02 	 1.504192e+02 	 1.618900e+02
175.000000 	 1.561546e+02 	 1.489896e+02 	 1.633196e+02
174.000000 	 1.561546e+02 	 1.475627e+02 	 1.647464e+02
173.000000 	 1.561545e+02 	 1.461393e+02 	 1.661698e+02
172.000000 	 1.561544e+02 	 1.447197e+02 	 1.675891e+02
171.000000 	 1.561543e+02 	 1.433047e+02 	 1.690039e+02
170.000000 	 1.561541e+02 	 1.418947e+02 	 1.704134e+02
169.000000 	 1.561539e+02 	 1.404905e+02 	 1.718173e+02
168.000000 	 1.561535e+02 	 1.390924e+02 	 1.732147e+02
167.000000 	 1.561530e+02 	 1.377011e+02 	 1.746050e+02
166.000000 	 1.561524e+02 	 1.363172e+02 	 1.759877e+02
165.000000 	 1.561516e+02 	 1.349412e+02 	 1.773620e+02
164.000000 	 1.561507e+02 	 1.335739e+02 	 1.787275e+02
163.000000 	 1.561496e+02 	 1.322158e+02 	 1.800833e+02
162.000000 	 1.561483e+02 	 1.308676e+02 	 1.814289e+02
161.000000 	 1.561467e+02 	 1.295298e+02 	 1.827636e+02
160.000000 	 1.561266e+02 	 1.282000e+02 	 1.840531e+02
159.000000 	 1.561250e+02 	 1.268862e+02 	 1.853638e+02
158.000000 	 1.561231e+02 	 1.255847e+02 	 1.866616e+02
157.000000 	 1.561210e+02 	 1.242964e+02 	 1.879456e+02
156.000000 	 1.561186e+02 	 1.230219e+02 	 1.892153e+02
155.000000 	 1.561159e+02 	 1.217620e+02 	 1.904699e+02
154.000000 	 1.561129e+02 	 1.205173e+02 	 1.917086e+02
153.000000 	 1.561096e+02 	 1.192886e+02 	 1.929306e+02
152.000000 	 1.560989e+02 	 1.180791e+02 	 1.941186e+02
151.000000 	 1.560953e+02 	 1.168853e+02 	 1.953053e+02
150.000000 	 1.560914e+02 	 1.157098e+02 	 1.964730e+02
149.000000 	 1.560873e+02 	 1.145536e+02 	 1.976210e+02
148.000000 	 1.560829e+02 	 1.134174e+02 	 1.987484e+02
147.000000 	 1.560783e+02 	 1.123021e+02 	 1.998544e+02
146.000000 	 1.560699e+02 	 1.112119e+02 	 2.009278e+02
145.000000 	 1.560652e+02 	 1.101415e+02 	 2.019888e+02
144.000000 	 1.560604e+02 	 1.090948e+02 	 2.030260e+02
143.000000 	 1.560556e+02 	 1.080728e+02 	 2.040383e+02
142.000000 	 1.560508e+02 	 1.070765e+02 	 2.050251e+02
141.000000 	 1.560443e+02 	 1.061103e+02 	 2.059784e+02
140.000000 	 1.560401e+02 	 1.051686e+02 	 2.069115e+02
139.000000 	 1.560362e+02 	 1.042560e+02 	 2.078164e+02
138.000000 	 1.560327e+02 	 1.033733e+02 	 2.086921e+02
137.000000 	 1.560288e+02 	 1.025249e+02 	 2.095328e+02
136.000000 	 1.560268e+02 	 1.017060e+02 	 2.103477e+02
135.000000 	 1.560258e+02 	 1.009207e+02 	 2.111308e+02
134.000000 	 1.560258e+02 	 1.001704e+02 	 2.118811e+02
133.000000 	 1.560266e+02 	 9.945903e+01 	 2.125942e+02
132.000000 	 1.560295e+02 	 9.878262e+01 	 2.132764e+02
131.000000 	 1.560342e+02 	 9.814523e+01 	 2.139232e+02
130.000000 	 1.560409e+02 	 9.754830e+01 	 2.145335e+02
129.000000 	 1.560499e+02 	 9.699550e+01 	 2.151042e+02
128.000000 	 1.560616e+02 	 9.648389e+01 	 2.156393e+02
127.000000 	 1.560763e+02 	 9.601730e+01 	 2.161354e+02
126.000000 	 1.560944e+02 	 9.559733e+01 	 2.165915e+02
125.000000 	 1.561164e+02 	 9.522736e+01 	 2.170054e+02
124.000000 	 1.561424e+02 	 9.490553e+01 	 2.173794e+02
123.000000 	 1.561731e+02 	 9.463540e+01 	 2.177109e+02
122.000000 	 1.562092e+02 	 9.442010e+01 	 2.179983e+02
121.000000 	 1.562507e+02 	 9.425865e+01 	 2.182428e+02
120.000000 	 1.562985e+02 	 9.415439e+01 	 2.184425e+02
119.000000 	 1.563533e+02 	 9.411019e+01 	 2.185965e+02
118.000000 	 1.564154e+02 	 9.412598e+01 	 2.187048e+02
117.000000 	 1.564856e+02 	 9.420485e+01 	 2.187663e+02
116.000000 	 1.565650e+02 	 9.434941e+01 	 2.187806e+02
115.000000 	 1.566538e+02 	 9.456050e+01 	 2.187470e+02
114.000000 	 1.567530e+02 	 9.484097e+01 	 2.186650e+02
113.000000 	 1.568638e+02 	 9.519315e+01 	 2.185345e+02
112.000000 	 1.569866e+02 	 9.561882e+01 	 2.183545e+02
111.000000 	 1.571230e+02 	 9.612045e+01 	 2.181255e+02
110.000000 	 1.572732e+02 	 9.670036e+01 	 2.178460e+02
109.000000 	 1.574387e+02 	 9.736099e+01 	 2.175165e+02
108.000000 	 1.576210e+02 	 9.810419e+01 	 2.171377e+02
107.000000 	 1.578206e+02 	 9.893321e+01 	 2.167079e+02
106.000000 	 1.580392e+02 	 9.984943e+01 	 2.162290e+02
105.000000 	 1.582778e+02 	 1.008566e+02 	 2.156990e+02
104.000000 	 1.585380e+02 	 1.019567e+02 	 2.151193e+02
103.000000 	 1.588212e+02 	 1.031510e+02 	 2.144914e+02
102.000000 	 1.591288e+02 	 1.044442e+02 	 2.138133e+02
101.000000 	 1.594624e+02 	 1.058366e+02 	 2.130882e+02
100.000000 	 1.598236e+02 	 1.073331e+02 	 2.123141e+02
99.000000 	 1.602142e+02 	 1.089337e+02 	 2.114946e+02
98.000000 	 1.606358e+02 	 1.106438e+02 	 2.106278e+02
97.000000 	 1.610904e+02 	 1.124646e+02 	 2.097161e+02
96.000000 	 1.615796e+02 	 1.143967e+02 	 2.087625e+02
95.000000 	 1.621058e+02 	 1.164463e+02 	 2.077652e+02
94.000000 	 1.626705e+02 	 1.186121e+02 	 2.067290e+02
93.000000 	 1.632764e+02 	 1.209005e+02 	 2.056524e+02
92.000000 	 1.639251e+02 	 1.233097e+02 	 2.045405e+02
91.000000 	 1.646194e+02 	 1.258466e+02 	 2.033922e+02
90.000000 	 1.653609e+02 	 1.285088e+02 	 2.022130e+02
89.000000 	 1.661528e+02 	 1.313034e+02 	 2.010021e+02
88.000000 	 1.669966e+02 	 1.342277e+02 	 1.997656e+02
87.000000 	 1.678958e+02 	 1.372887e+02 	 1.985029e+02
86.000000 	 1.688519e+02 	 1.404834e+02 	 1.972205e+02
85.000000 	 1.698686e+02 	 1.438189e+02 	 1.959183e+02
84.000000 	 1.709474e+02 	 1.472915e+02 	 1.946033e+02
83.000000 	 1.720922e+02 	 1.509086e+02 	 1.932758e+02
82.000000 	 1.733044e+02 	 1.546657e+02 	 1.919430e+02
81.000000 	 1.745882e+02 	 1.585704e+02 	 1.906061e+02
80.000000 	 1.759450e+02 	 1.626176e+02 	 1.892725e+02
79.000000 	 1.773791e+02 	 1.668145e+02 	 1.879438e+02
78.000000 	 1.788919e+02 	 1.711557e+02 	 1.866280e+02
77.000000 	 1.804878e+02 	 1.756482e+02 	 1.853273e+02
76.000000 	 1.821679e+02 	 1.802859e+02 	 1.840500e+02
75.000000 	 1.839370e+02 	 1.850754e+02 	 1.827987e+02
74.000000 	 1.857961e+02 	 1.900102e+02 	 1.815821e+02
73.000000 	 1.877500e+02 	 1.950964e+02 	 1.804036e+02
72.000000 	 1.897994e+02 	 2.003267e+02 	 1.792721e+02
71.000000 	 1.919492e+02 	 2.057070e+02 	 1.781915e+02
70.000000 	 1.942001e+02 	 2.112291e+02 	 1.771710e+02
69.000000 	 1.965567e+02 	 2.168984e+02 	 1.762151e+02
68.000000 	 1.990196e+02 	 2.227060e+02 	 1.753331e+02
67.000000 	 2.015922e+02 	 2.286532e+02 	 1.745313e+02
66.000000 	 2.042782e+02 	 2.347405e+02 	 1.738159e+02
65.000000 	 2.070775e+02 	 2.409584e+02 	 1.731966e+02
64.000000 	 2.099945e+02 	 2.473098e+02 	 1.726792e+02
63.000000 	 2.130289e+02 	 2.537846e+02 	 1.722732e+02
62.000000 	 2.161848e+02 	 2.603848e+02 	 1.719849e+02
61.000000 	 2.194615e+02 	 2.670994e+02 	 1.718237e+02
60.000000 	 2.228628e+02 	 2.739293e+02 	 1.717963e+02
59.000000 	 2.263875e+02 	 2.808631e+02 	 1.719118e+02
58.000000 	 2.300388e+02 	 2.879004e+02 	 1.721772e+02
57.000000 	 2.338152e+02 	 2.950290e+02 	 1.726015e+02
56.000000 	 2.377194e+02 	 3.022473e+02 	 1.731916e+02
55.000000 	 2.417493e+02 	 3.095425e+02 	 1.739560e+02
54.000000 	 2.459057e+02 	 3.169093e+02 	 1.749021e+02
53.000000 	 2.501892e+02 	 3.243415e+02 	 1.760370e+02
52.000000 	 2.545969e+02 	 3.318254e+02 	 1.773684e+02
51.000000 	 2.591294e+02 	 3.393559e+02 	 1.789030e+02
50.000000 	 2.637832e+02 	 3.469188e+02 	 1.806477e+02
49.000000 	 2.685582e+02 	 3.545077e+02 	 1.826086e+02
48.000000 	 2.734499e+02 	 3.621078e+02 	 1.847920e+02
47.000000 	 2.784573e+02 	 3.697114e+02 	 1.872032e+02
46.000000 	 2.835753e+02 	 3.773032e+02 	 1.898474e+02
45.000000 	 2.888016e+02 	 3.848739e+02 	 1.927293e+02
44.000000 	 2.941304e+02 	 3.924083e+02 	 1.958525e+02
43.000000 	 2.995583e+02 	 3.998956e+02 	 1.992210e+02
42.000000 	 3.050786e+02 	 4.073202e+02 	 2.028371e+02
41.000000 	 3.106867e+02 	 4.146701e+02 	 2.067032e+02
40.000000 	 3.163751e+02 	 4.219298e+02 	 2.108205e+02
39.000000 	 3.221379e+02 	 4.290860e+02 	 2.151899e+02
38.000000 	 3.279672e+02 	 4.361233e+02 	 2.198110e+02
37.000000 	 3.338548e+02 	 4.430270e+02 	 2.246826e+02
36.000000 	 3.397927e+02 	 4.497822e+02 	 2.298032e+02
35.000000 	 3.457717e+02 	 4.563738e+02 	 2.351696e+02
34.000000 	 3.517824e+02 	 4.627863e+02 	 2.407785e+02
33.000000 	 3.578149e+02 	 4.690050e+02 	 2.466248e+02
32.000000 	 3.638586e+02 	 4.750139e+02 	 2.527033e+02
31.000000 	 3.699027e+02 	 4.807982e+02 	 2.590072e+02
30.000000 	 3.759361e+02 	 4.863437e+02 	 2.655284e+02
29.000000 	 3.819466e+02 	 4.916341e+02 	 2.722590e+02
28.000000 	 3.879227e+02 	 4.966567e+02 	 2.791888e+02
27.000000 	 3.938513e+02 	 5.013950e+02 	 2.863076e+02
26.000000 	 3.997200e+02 	 5.058364e+02 	 2.936035e+02
25.000000 	 4.055163e+02 	 5.099688e+02 	 3.010639e+02
24.000000 	 4.112260e+02 	 5.137767e+02 	 3.086753e+02
23.000000 	 4.168362e+02 	 5.172490e+02 	 3.164233e+02
22.000000 	 4.223343e+02 	 5.203759e+02 	 3.242926e+02
21.000000 	 4.277050e+02 	 5.231431e+02 	 3.322670e+02
20.000000 	 4.329358e+02 	 5.255421e+02 	 3.403294e+02
19.000000 	 4.380130e+02 	 5.275638e+02 	 3.484623e+02
18.000000 	 4.429247e+02 	 5.292018e+02 	 3.566476e+02
17.000000 	 4.476552e+02 	 5.304447e+02 	 3.648658e+02
16.000000 	 4.521930e+02 	 5.312883e+02 	 3.730977e+02
15.000000 	 4.565254e+02 	 5.317273e+02 	 3.813235e+02
14.000000 	 4.606417e+02 	 5.317600e+02 	 3.895235e+02
13.000000 	 4.645275e+02 	 5.313792e+02 	 3.976759e+02
12.000000 	 4.681730e+02 	 5.305854e+02 	 4.057606e+02
11.000000 	 4.715676e+02 	 5.293784e+02 	 4.137569e+02
10.000000 	 4.747015e+02 	 5.277592e+02 	 4.216438e+02
9.000000 	 4.775655e+02 	 5.257303e+02 	 4.294006e+02
8.000000 	 4.801528e+02 	 5.232976e+02 	 4.370080e+02
7.000000 	 4.824525e+02 	 5.204617e+02 	 4.444433e+02
6.000000 	 4.844595e+02 	 5.172313e+02 	 4.516876e+02
5.000000 	 4.861677e+02 	 5.136142e+02 	 4.587213e+02
4.000000 	 4.875723e+02 	 5.096193e+02 	 4.655254e+02
3.000000 	 4.886691e+02 	 5.052568e+02 	 4.720813e+02
2.000000 	 4.894548e+02 	 5.005384e+02 	 4.783712e+02
1.000000 	 4.899271e+02 	 4.954765e+02 	 4.843778e+02
0.000000 	 4.900847e+02 	 4.900847e+02 	 4.900847e+02
