180.000000 	 1.850797e+01 	 1.850797e+01 	 1.850797e+01
179.000000 	 1.850635e+01 	 1.828190e+01 	 1.873081e+01
178.000000 	 1.850151e+01 	 1.805275e+01 	 1.895028e+01
177.000000 	 1.849345e+01 	 1.782066e+01 	 1.916624e+01
176.000000 	 1.848217e+01 	 1.758580e+01 	 1.937854e+01
175.000000 	 1.846769e+01 	 1.734832e+01 	 1.958706e+01
174.000000 	 1.845000e+01 	 1.710836e+01 	 1.979165e+01
173.000000 	 1.842914e+01 	 1.686609e+01 	 1.999219e+01
172.000000 	 1.840511e+01 	 1.662166e+01 	 2.018856e+01
171.000000 	 1.837793e+01 	 1.637525e+01 	 2.038062e+01
170.000000 	 1.834763e+01 	 1.612700e+01 	 2.056826e+01
169.000000 	 1.831423e+01 	 1.587709e+01 	 2.075136e+01
168.000000 	 1.827775e+01 	 1.562568e+01 	 2.092981e+01
167.000000 	 1.823822e+01 	 1.537294e+01 	 2.110350e+01
166.000000 	 1.819568e+01 	 1.511904e+01 	 2.127232e+01
165.000000 	 1.815015e+01 	 1.486413e+01 	 2.143617e+01
164.000000 	 1.810168e+01 	 1.460841e+01 	 2.159495e+01
163.000000 	 1.805030e+01 	 1.435203e+01 	 2.174856e+01
162.000000 	 1.799604e+01 	 1.409516e+01 	 2.189693e+01
161.000000 	 1.793897e+01 	 1.383798e+01 	 2.203995e+01
160.000000 	 1.787911e+01 	 1.358066e+01 	 2.217755e+01
159.000000 	 1.781651e+01 	 1.332337e+01 	 2.230965e+01
158.000000 	 1.775123e+01 	 1.306628e+01 	 2.243618e+01
157.000000 	 1.768332e+01 	 1.280957e+01 	 2.255707e+01
156.000000 	 1.761282e+01 	 1.255340e+01 	 2.267225e+01
155.000000 	 1.753980e+01 	 1.229794e+01 	 2.278166e+01
154.000000 	 1.746431e+01 	 1.204338e+01 	 2.288524e+01
153.000000 	 1.738641e+01 	 1.178986e+01 	 2.298296e+01
152.000000 	 1.730616e+01 	 1.153758e+01 	 2.307475e+01
151.000000 	 1.722363e+01 	 1.128668e+01 	 2.316058e+01
150.000000 	 1.713887e+01 	 1.103734e+01 	 2.324040e+01
149.000000 	 1.705196e+01 	 1.078972e+01 	 2.331420e+01
148.000000 	 1.696296e+01 	 1.054400e+01 	 2.338193e+01
147.000000 	 1.687195e+01 	 1.030032e+01 	 2.344358e+01
146.000000 	 1.677899e+01 	 1.005885e+01 	 2.349913e+01
145.000000 	 1.668416e+01 	 9.819743e+00 	 2.354857e+01
144.000000 	 1.658752e+01 	 9.583165e+00 	 2.359188e+01
143.000000 	 1.648917e+01 	 9.349264e+00 	 2.362907e+01
142.000000 	 1.638916e+01 	 9.118193e+00 	 2.366013e+01
141.000000 	 1.628759e+01 	 8.890102e+00 	 2.368507e+01
140.000000 	 1.618452e+01 	 8.665136e+00 	 2.370391e+01
139.000000 	 1.608005e+01 	 8.443439e+00 	 2.371666e+01
138.000000 	 1.597424e+01 	 8.225153e+00 	 2.372333e+01
137.000000 	 1.586719e+01 	 8.010415e+00 	 2.372397e+01
136.000000 	 1.575897e+01 	 7.799360e+00 	 2.371859e+01
135.000000 	 1.564967e+01 	 7.592119e+00 	 2.370723e+01
134.000000 	 1.553938e+01 	 7.388820e+00 	 2.368994e+01
133.000000 	 1.542817e+01 	 7.189586e+00 	 2.366675e+01
132.000000 	 1.531613e+01 	 6.994538e+00 	 2.363772e+01
131.000000 	 1.520335e+01 	 6.803792e+00 	 2.360291e+01
130.000000 	 1.508992e+01 	 6.617461e+00 	 2.356237e+01
129.000000 	 1.497591e+01 	 6.435653e+00 	 2.351617e+01
128.000000 	 1.486142e+01 	 6.258471e+00 	 2.346437e+01
127.000000 	 1.474653e+01 	 6.086015e+00 	 2.340705e+01
126.000000 	 1.463133e+01 	 5.918380e+00 	 2.334428e+01
125.000000 	 1.451590e+01 	 5.755656e+00 	 2.327615e+01
124.000000 	 1.440034e+01 	 5.597929e+00 	 2.320275e+01
123.000000 	 1.428472e+01 	 5.445278e+00 	 2.312415e+01
122.000000 	 1.416912e+01 	 5.297780e+00 	 2.304047e+01
121.000000 	 1.405365e+01 	 5.155505e+00 	 2.295179e+01
120.000000 	 1.393837e+01 	 5.018518e+00 	 2.285822e+01
119.000000 	 1.382337e+01 	 4.886880e+00 	 2.275986e+01
118.000000 	 1.370873e+01 	 4.760645e+00 	 2.265682e+01
117.000000 	 1.359454e+01 	 4.639863e+00 	 2.254922e+01
116.000000 	 1.348087e+01 	 4.524577e+00 	 2.243717e+01
115.000000 	 1.336781e+01 	 4.414825e+00 	 2.232079e+01
114.000000 	 1.325542e+01 	 4.310641e+00 	 2.220021e+01
113.000000 	 1.314380e+01 	 4.212050e+00 	 2.207554e+01
112.000000 	 1.303300e+01 	 4.119075e+00 	 2.194693e+01
111.000000 	 1.292311e+01 	 4.031730e+00 	 2.181449e+01
110.000000 	 1.281420e+01 	 3.950025e+00 	 2.167837e+01
109.000000 	 1.270633e+01 	 3.873965e+00 	 2.153870e+01
108.000000 	 1.259958e+01 	 3.803546e+00 	 2.139562e+01
107.000000 	 1.249401e+01 	 3.738762e+00 	 2.124927e+01
106.000000 	 1.238969e+01 	 3.679598e+00 	 2.109978e+01
105.000000 	 1.228668e+01 	 3.626034e+00 	 2.094732e+01
104.000000 	 1.218503e+01 	 3.578046e+00 	 2.079202e+01
103.000000 	 1.208481e+01 	 3.535601e+00 	 2.063402e+01
102.000000 	 1.198607e+01 	 3.498663e+00 	 2.047348e+01
101.000000 	 1.188887e+01 	 3.467189e+00 	 2.031055e+01
100.000000 	 1.179325e+01 	 3.441131e+00 	 2.014538e+01
99.000000 	 1.169927e+01 	 3.420433e+00 	 1.997811e+01
98.000000 	 1.160697e+01 	 3.405036e+00 	 1.980890e+01
97.000000 	 1.151638e+01 	 3.394875e+00 	 1.963789e+01
96.000000 	 1.142757e+01 	 3.389880e+00 	 1.946525e+01
95.000000 	 1.134055e+01 	 3.389973e+00 	 1.929112e+01
94.000000 	 1.125536e+01 	 3.395074e+00 	 1.911565e+01
93.000000 	 1.117205e+01 	 3.405096e+00 	 1.893900e+01
92.000000 	 1.109063e+01 	 3.419948e+00 	 1.876131e+01
91.000000 	 1.101113e+01 	 3.439533e+00 	 1.858272e+01
90.000000 	 1.093357e+01 	 3.463750e+00 	 1.840339e+01
89.000000 	 1.085798e+01 	 3.492494e+00 	 1.822347e+01
88.000000 	 1.078437e+01 	 3.525654e+00 	 1.804309e+01
87.000000 	 1.071276e+01 	 3.563115e+00 	 1.786241e+01
86.000000 	 1.064316e+01 	 3.604760e+00 	 1.768155e+01
85.000000 	 1.057557e+01 	 3.650464e+00 	 1.750067e+01
84.000000 	 1.050999e+01 	 3.700103e+00 	 1.731989e+01
83.000000 	 1.044645e+01 	 3.753547e+00 	 1.713935e+01
82.000000 	 1.038492e+01 	 3.810661e+00 	 1.695918e+01
81.000000 	 1.032541e+01 	 3.871309e+00 	 1.677951e+01
80.000000 	 1.026791e+01 	 3.935352e+00 	 1.660047e+01
79.000000 	 1.021241e+01 	 4.002648e+00 	 1.642217e+01
78.000000 	 1.015890e+01 	 4.073052e+00 	 1.624474e+01
77.000000 	 1.010736e+01 	 4.146417e+00 	 1.606830e+01
76.000000 	 1.005778e+01 	 4.222594e+00 	 1.589296e+01
75.000000 	 1.001013e+01 	 4.301431e+00 	 1.571882e+01
74.000000 	 9.964388e+00 	 4.382777e+00 	 1.554600e+01
73.000000 	 9.920534e+00 	 4.466476e+00 	 1.537459e+01
72.000000 	 9.878536e+00 	 4.552375e+00 	 1.520470e+01
71.000000 	 9.838363e+00 	 4.640317e+00 	 1.503641e+01
70.000000 	 9.799983e+00 	 4.730145e+00 	 1.486982e+01
69.000000 	 9.763360e+00 	 4.821703e+00 	 1.470502e+01
68.000000 	 9.728457e+00 	 4.914832e+00 	 1.454208e+01
67.000000 	 9.695235e+00 	 5.009377e+00 	 1.438109e+01
66.000000 	 9.663653e+00 	 5.105181e+00 	 1.422212e+01
65.000000 	 9.633667e+00 	 5.202087e+00 	 1.406525e+01
64.000000 	 9.605234e+00 	 5.299940e+00 	 1.391053e+01
63.000000 	 9.578307e+00 	 5.398585e+00 	 1.375803e+01
62.000000 	 9.552840e+00 	 5.497871e+00 	 1.360781e+01
61.000000 	 9.528783e+00 	 5.597644e+00 	 1.345992e+01
60.000000 	 9.506087e+00 	 5.697757e+00 	 1.331442e+01
59.000000 	 9.484701e+00 	 5.798061e+00 	 1.317134e+01
58.000000 	 9.464575e+00 	 5.898411e+00 	 1.303074e+01
57.000000 	 9.445656e+00 	 5.998665e+00 	 1.289265e+01
56.000000 	 9.427891e+00 	 6.098681e+00 	 1.275710e+01
55.000000 	 9.411228e+00 	 6.198322e+00 	 1.262413e+01
54.000000 	 9.395615e+00 	 6.297455e+00 	 1.249377e+01
53.000000 	 9.380996e+00 	 6.395949e+00 	 1.236604e+01
52.000000 	 9.367321e+00 	 6.493675e+00 	 1.224097e+01
51.000000 	 9.354535e+00 	 6.590511e+00 	 1.211856e+01
50.000000 	 9.342587e+00 	 6.686336e+00 	 1.199884e+01
49.000000 	 9.331425e+00 	 6.781035e+00 	 1.188182e+01
48.000000 	 9.320998e+00 	 6.874495e+00 	 1.176750e+01
47.000000 	 9.311256e+00 	 6.966611e+00 	 1.165590e+01
46.000000 	 9.302149e+00 	 7.057279e+00 	 1.154702e+01
45.000000 	 9.293629e+00 	 7.146401e+00 	 1.144086e+01
44.000000 	 9.285651e+00 	 7.233885e+00 	 1.133742e+01
43.000000 	 9.278168e+00 	 7.319643e+00 	 1.123669e+01
42.000000 	 9.271137e+00 	 7.403592e+00 	 1.113868e+01
41.000000 	 9.264515e+00 	 7.485655e+00 	 1.104338e+01
40.000000 	 9.258264e+00 	 7.565760e+00 	 1.095077e+01
39.000000 	 9.252343e+00 	 7.643841e+00 	 1.086085e+01
38.000000 	 9.246718e+00 	 7.719839e+00 	 1.077360e+01
37.000000 	 9.241353e+00 	 7.793698e+00 	 1.068901e+01
36.000000 	 9.236217e+00 	 7.865370e+00 	 1.060706e+01
35.000000 	 9.231281e+00 	 7.934815e+00 	 1.052775e+01
34.000000 	 9.226517e+00 	 8.001995e+00 	 1.045104e+01
33.000000 	 9.221901e+00 	 8.066881e+00 	 1.037692e+01
32.000000 	 9.217409e+00 	 8.129451e+00 	 1.030537e+01
31.000000 	 9.213023e+00 	 8.189689e+00 	 1.023636e+01
30.000000 	 9.208725e+00 	 8.247586e+00 	 1.016986e+01
29.000000 	 9.204501e+00 	 8.303138e+00 	 1.010586e+01
28.000000 	 9.200339e+00 	 8.356351e+00 	 1.004433e+01
27.000000 	 9.196229e+00 	 8.407236e+00 	 9.985222e+00
26.000000 	 9.192164e+00 	 8.455810e+00 	 9.928518e+00
25.000000 	 9.188140e+00 	 8.502100e+00 	 9.874179e+00
24.000000 	 9.184154e+00 	 8.546137e+00 	 9.822171e+00
23.000000 	 9.180207e+00 	 8.587962e+00 	 9.772452e+00
22.000000 	 9.176302e+00 	 8.627620e+00 	 9.724984e+00
21.000000 	 9.172442e+00 	 8.665165e+00 	 9.679719e+00
20.000000 	 9.168635e+00 	 8.700657e+00 	 9.636613e+00
19.000000 	 9.164888e+00 	 8.734162e+00 	 9.595614e+00
18.000000 	 9.161212e+00 	 8.765755e+00 	 9.556670e+00
17.000000 	 9.157618e+00 	 8.795513e+00 	 9.519722e+00
16.000000 	 9.154118e+00 	 8.823525e+00 	 9.484711e+00
15.000000 	 9.150726e+00 	 8.849880e+00 	 9.451571e+00
14.000000 	 9.147456e+00 	 8.874676e+00 	 9.420236e+00
13.000000 	 9.144324e+00 	 8.898016e+00 	 9.390631e+00
12.000000 	 9.141344e+00 	 8.920007e+00 	 9.362681e+00
11.000000 	 9.138532e+00 	 8.940761e+00 	 9.336304e+00
10.000000 	 9.135904e+00 	 8.960394e+00 	 9.311414e+00
9.000000 	 9.133475e+00 	 8.979026e+00 	 9.287924e+00
8.000000 	 9.131257e+00 	 8.996778e+00 	 9.265737e+00
7.000000 	 9.129266e+00 	 9.013777e+00 	 9.244755e+00
6.000000 	 9.127513e+00 	 9.030150e+00 	 9.224876e+00
5.000000 	 9.126010e+00 	 9.046026e+00 	 9.205994e+00
4.000000 	 9.124766e+00 	 9.061536e+00 	 9.187996e+00
3.000000 	 9.123790e+00 	 9.076810e+00 	 9.170770e+00
2.000000 	 9.123088e+00 	 9.091979e+00 	 9.154197e+00
1.000000 	 9.122665e+00 	 9.107174e+00 	 9.138156e+00
0.000000 	 9.122524e+00 	 9.122524e+00 	 9.122524e+00
