0.0	0.1134E+02	0.0000E+00	0.1000E+01	0.0000E+00
1.0	0.1134E+02	-0.5976E-02	0.9986E+00	-0.5251E-01
2.0	0.1136E+02	-0.1193E-01	0.9944E+00	-0.1048E+00
3.0	0.1139E+02	-0.1785E-01	0.9875E+00	-0.1567E+00
4.0	0.1143E+02	-0.2372E-01	0.9778E+00	-0.2079E+00
5.0	0.1148E+02	-0.2951E-01	0.9656E+00	-0.2583E+00
6.0	0.1154E+02	-0.3521E-01	0.9507E+00	-0.3077E+00
7.0	0.1161E+02	-0.4081E-01	0.9335E+00	-0.3558E+00
8.0	0.1170E+02	-0.4629E-01	0.9138E+00	-0.4026E+00
9.0	0.1179E+02	-0.5163E-01	0.8920E+00	-0.4479E+00
10.0	0.1189E+02	-0.5683E-01	0.8681E+00	-0.4915E+00
11.0	0.1201E+02	-0.6186E-01	0.8423E+00	-0.5333E+00
12.0	0.1213E+02	-0.6672E-01	0.8147E+00	-0.5733E+00
13.0	0.1227E+02	-0.7141E-01	0.7856E+00	-0.6113E+00
14.0	0.1241E+02	-0.7590E-01	0.7549E+00	-0.6472E+00
15.0	0.1257E+02	-0.8019E-01	0.7230E+00	-0.6812E+00
16.0	0.1273E+02	-0.8428E-01	0.6899E+00	-0.7129E+00
17.0	0.1291E+02	-0.8816E-01	0.6559E+00	-0.7426E+00
18.0	0.1309E+02	-0.9183E-01	0.6210E+00	-0.7702E+00
19.0	0.1328E+02	-0.9528E-01	0.5854E+00	-0.7956E+00
20.0	0.1348E+02	-0.9851E-01	0.5493E+00	-0.8189E+00
21.0	0.1368E+02	-0.1015E+00	0.5127E+00	-0.8401E+00
22.0	0.1390E+02	-0.1043E+00	0.4759E+00	-0.8593E+00
23.0	0.1412E+02	-0.1069E+00	0.4389E+00	-0.8765E+00
24.0	0.1435E+02	-0.1092E+00	0.4018E+00	-0.8917E+00
25.0	0.1458E+02	-0.1113E+00	0.3647E+00	-0.9051E+00
26.0	0.1482E+02	-0.1132E+00	0.3277E+00	-0.9166E+00
27.0	0.1507E+02	-0.1148E+00	0.2910E+00	-0.9264E+00
28.0	0.1532E+02	-0.1163E+00	0.2545E+00	-0.9345E+00
29.0	0.1558E+02	-0.1175E+00	0.2184E+00	-0.9410E+00
30.0	0.1584E+02	-0.1185E+00	0.1826E+00	-0.9459E+00
31.0	0.1611E+02	-0.1193E+00	0.1473E+00	-0.9494E+00
32.0	0.1638E+02	-0.1198E+00	0.1125E+00	-0.9514E+00
33.0	0.1666E+02	-0.1202E+00	0.7828E-01	-0.9521E+00
34.0	0.1694E+02	-0.1203E+00	0.4460E-01	-0.9516E+00
35.0	0.1722E+02	-0.1202E+00	0.1152E-01	-0.9498E+00
36.0	0.1750E+02	-0.1200E+00	-0.2093E-01	-0.9469E+00
37.0	0.1779E+02	-0.1195E+00	-0.5274E-01	-0.9429E+00
38.0	0.1808E+02	-0.1188E+00	-0.8388E-01	-0.9379E+00
39.0	0.1836E+02	-0.1179E+00	-0.1143E+00	-0.9319E+00
40.0	0.1865E+02	-0.1168E+00	-0.1441E+00	-0.9250E+00
41.0	0.1895E+02	-0.1156E+00	-0.1732E+00	-0.9173E+00
42.0	0.1924E+02	-0.1141E+00	-0.2016E+00	-0.9087E+00
43.0	0.1953E+02	-0.1125E+00	-0.2293E+00	-0.8994E+00
44.0	0.1982E+02	-0.1106E+00	-0.2563E+00	-0.8894E+00
45.0	0.2011E+02	-0.1086E+00	-0.2825E+00	-0.8787E+00
46.0	0.2040E+02	-0.1064E+00	-0.3081E+00	-0.8674E+00
47.0	0.2069E+02	-0.1040E+00	-0.3330E+00	-0.8555E+00
48.0	0.2097E+02	-0.1015E+00	-0.3572E+00	-0.8430E+00
49.0	0.2126E+02	-0.9874E-01	-0.3807E+00	-0.8300E+00
50.0	0.2154E+02	-0.9584E-01	-0.4036E+00	-0.8166E+00
51.0	0.2182E+02	-0.9278E-01	-0.4258E+00	-0.8027E+00
52.0	0.2209E+02	-0.8956E-01	-0.4473E+00	-0.7883E+00
53.0	0.2237E+02	-0.8618E-01	-0.4681E+00	-0.7735E+00
54.0	0.2263E+02	-0.8264E-01	-0.4883E+00	-0.7584E+00
55.0	0.2290E+02	-0.7894E-01	-0.5079E+00	-0.7429E+00
56.0	0.2316E+02	-0.7510E-01	-0.5268E+00	-0.7271E+00
57.0	0.2341E+02	-0.7111E-01	-0.5452E+00	-0.7110E+00
58.0	0.2367E+02	-0.6698E-01	-0.5629E+00	-0.6945E+00
59.0	0.2391E+02	-0.6272E-01	-0.5800E+00	-0.6778E+00
60.0	0.2415E+02	-0.5831E-01	-0.5965E+00	-0.6609E+00
61.0	0.2439E+02	-0.5378E-01	-0.6124E+00	-0.6436E+00
62.0	0.2461E+02	-0.4912E-01	-0.6277E+00	-0.6262E+00
63.0	0.2484E+02	-0.4433E-01	-0.6424E+00	-0.6086E+00
64.0	0.2505E+02	-0.3942E-01	-0.6566E+00	-0.5907E+00
65.0	0.2526E+02	-0.3440E-01	-0.6702E+00	-0.5727E+00
66.0	0.2547E+02	-0.2927E-01	-0.6833E+00	-0.5545E+00
67.0	0.2566E+02	-0.2403E-01	-0.6958E+00	-0.5361E+00
68.0	0.2585E+02	-0.1868E-01	-0.7078E+00	-0.5176E+00
69.0	0.2603E+02	-0.1324E-01	-0.7193E+00	-0.4989E+00
70.0	0.2620E+02	-0.7699E-02	-0.7302E+00	-0.4801E+00
71.0	0.2637E+02	-0.2066E-02	-0.7406E+00	-0.4611E+00
72.0	0.2653E+02	0.3654E-02	-0.7505E+00	-0.4421E+00
73.0	0.2668E+02	0.9458E-02	-0.7599E+00	-0.4229E+00
74.0	0.2682E+02	0.1534E-01	-0.7687E+00	-0.4036E+00
75.0	0.2695E+02	0.2130E-01	-0.7771E+00	-0.3842E+00
76.0	0.2707E+02	0.2734E-01	-0.7850E+00	-0.3648E+00
77.0	0.2719E+02	0.3344E-01	-0.7924E+00	-0.3452E+00
78.0	0.2729E+02	0.3961E-01	-0.7993E+00	-0.3256E+00
79.0	0.2739E+02	0.4584E-01	-0.8057E+00	-0.3059E+00
80.0	0.2748E+02	0.5213E-01	-0.8116E+00	-0.2861E+00
81.0	0.2756E+02	0.5847E-01	-0.8170E+00	-0.2663E+00
82.0	0.2763E+02	0.6486E-01	-0.8220E+00	-0.2464E+00
83.0	0.2769E+02	0.7131E-01	-0.8265E+00	-0.2264E+00
84.0	0.2774E+02	0.7780E-01	-0.8306E+00	-0.2065E+00
85.0	0.2778E+02	0.8433E-01	-0.8341E+00	-0.1864E+00
86.0	0.2781E+02	0.9090E-01	-0.8372E+00	-0.1663E+00
87.0	0.2783E+02	0.9751E-01	-0.8399E+00	-0.1462E+00
88.0	0.2785E+02	0.1042E+00	-0.8420E+00	-0.1261E+00
89.0	0.2785E+02	0.1108E+00	-0.8437E+00	-0.1059E+00
90.0	0.2784E+02	0.1175E+00	-0.8450E+00	-0.8565E-01
91.0	0.2782E+02	0.1243E+00	-0.8457E+00	-0.6541E-01
92.0	0.2780E+02	0.1310E+00	-0.8461E+00	-0.4515E-01
93.0	0.2776E+02	0.1378E+00	-0.8459E+00	-0.2487E-01
94.0	0.2771E+02	0.1446E+00	-0.8453E+00	-0.4581E-02
95.0	0.2766E+02	0.1515E+00	-0.8442E+00	0.1572E-01
96.0	0.2759E+02	0.1583E+00	-0.8426E+00	0.3603E-01
97.0	0.2752E+02	0.1652E+00	-0.8406E+00	0.5635E-01
98.0	0.2743E+02	0.1721E+00	-0.8381E+00	0.7667E-01
99.0	0.2734E+02	0.1789E+00	-0.8351E+00	0.9698E-01
100.0	0.2724E+02	0.1859E+00	-0.8316E+00	0.1173E+00
101.0	0.2712E+02	0.1928E+00	-0.8276E+00	0.1376E+00
102.0	0.2700E+02	0.1997E+00	-0.8232E+00	0.1579E+00
103.0	0.2687E+02	0.2066E+00	-0.8182E+00	0.1782E+00
104.0	0.2673E+02	0.2136E+00	-0.8127E+00	0.1984E+00
105.0	0.2659E+02	0.2205E+00	-0.8067E+00	0.2186E+00
106.0	0.2643E+02	0.2275E+00	-0.8002E+00	0.2388E+00
107.0	0.2626E+02	0.2344E+00	-0.7932E+00	0.2590E+00
108.0	0.2609E+02	0.2414E+00	-0.7856E+00	0.2791E+00
109.0	0.2591E+02	0.2484E+00	-0.7775E+00	0.2991E+00
110.0	0.2572E+02	0.2553E+00	-0.7688E+00	0.3191E+00
111.0	0.2553E+02	0.2623E+00	-0.7596E+00	0.3391E+00
112.0	0.2532E+02	0.2692E+00	-0.7498E+00	0.3589E+00
113.0	0.2512E+02	0.2761E+00	-0.7394E+00	0.3787E+00
114.0	0.2490E+02	0.2830E+00	-0.7284E+00	0.3984E+00
115.0	0.2468E+02	0.2899E+00	-0.7168E+00	0.4180E+00
116.0	0.2445E+02	0.2968E+00	-0.7046E+00	0.4375E+00
117.0	0.2421E+02	0.3036E+00	-0.6918E+00	0.4568E+00
118.0	0.2397E+02	0.3104E+00	-0.6783E+00	0.4760E+00
119.0	0.2373E+02	0.3172E+00	-0.6641E+00	0.4950E+00
120.0	0.2347E+02	0.3240E+00	-0.6493E+00	0.5139E+00
121.0	0.2322E+02	0.3306E+00	-0.6338E+00	0.5326E+00
122.0	0.2296E+02	0.3373E+00	-0.6175E+00	0.5511E+00
123.0	0.2270E+02	0.3438E+00	-0.6006E+00	0.5693E+00
124.0	0.2243E+02	0.3503E+00	-0.5829E+00	0.5873E+00
125.0	0.2216E+02	0.3567E+00	-0.5645E+00	0.6051E+00
126.0	0.2188E+02	0.3630E+00	-0.5454E+00	0.6225E+00
127.0	0.2161E+02	0.3692E+00	-0.5254E+00	0.6396E+00
128.0	0.2133E+02	0.3753E+00	-0.5047E+00	0.6564E+00
129.0	0.2105E+02	0.3812E+00	-0.4832E+00	0.6728E+00
130.0	0.2077E+02	0.3870E+00	-0.4609E+00	0.6887E+00
131.0	0.2048E+02	0.3926E+00	-0.4378E+00	0.7043E+00
132.0	0.2020E+02	0.3981E+00	-0.4138E+00	0.7193E+00
133.0	0.1992E+02	0.4033E+00	-0.3890E+00	0.7338E+00
134.0	0.1963E+02	0.4084E+00	-0.3634E+00	0.7478E+00
135.0	0.1935E+02	0.4132E+00	-0.3369E+00	0.7611E+00
136.0	0.1906E+02	0.4177E+00	-0.3096E+00	0.7738E+00
137.0	0.1878E+02	0.4220E+00	-0.2814E+00	0.7858E+00
138.0	0.1850E+02	0.4259E+00	-0.2524E+00	0.7971E+00
139.0	0.1822E+02	0.4295E+00	-0.2225E+00	0.8076E+00
140.0	0.1794E+02	0.4328E+00	-0.1918E+00	0.8172E+00
141.0	0.1767E+02	0.4357E+00	-0.1603E+00	0.8259E+00
142.0	0.1740E+02	0.4381E+00	-0.1280E+00	0.8336E+00
143.0	0.1713E+02	0.4402E+00	-0.9486E-01	0.8403E+00
144.0	0.1686E+02	0.4417E+00	-0.6097E-01	0.8460E+00
145.0	0.1660E+02	0.4427E+00	-0.2635E-01	0.8505E+00
146.0	0.1634E+02	0.4432E+00	0.8980E-02	0.8538E+00
147.0	0.1608E+02	0.4432E+00	0.4497E-01	0.8558E+00
148.0	0.1583E+02	0.4425E+00	0.8159E-01	0.8565E+00
149.0	0.1559E+02	0.4412E+00	0.1188E+00	0.8558E+00
150.0	0.1535E+02	0.4392E+00	0.1565E+00	0.8537E+00
151.0	0.1512E+02	0.4365E+00	0.1946E+00	0.8500E+00
152.0	0.1489E+02	0.4331E+00	0.2331E+00	0.8448E+00
153.0	0.1466E+02	0.4289E+00	0.2719E+00	0.8379E+00
154.0	0.1445E+02	0.4239E+00	0.3109E+00	0.8293E+00
155.0	0.1424E+02	0.4181E+00	0.3501E+00	0.8190E+00
156.0	0.1403E+02	0.4114E+00	0.3892E+00	0.8069E+00
157.0	0.1384E+02	0.4039E+00	0.4283E+00	0.7930E+00
158.0	0.1365E+02	0.3954E+00	0.4672E+00	0.7771E+00
159.0	0.1346E+02	0.3861E+00	0.5057E+00	0.7594E+00
160.0	0.1329E+02	0.3758E+00	0.5438E+00	0.7398E+00
161.0	0.1312E+02	0.3646E+00	0.5813E+00	0.7183E+00
162.0	0.1296E+02	0.3525E+00	0.6181E+00	0.6948E+00
163.0	0.1281E+02	0.3394E+00	0.6541E+00	0.6693E+00
164.0	0.1266E+02	0.3253E+00	0.6890E+00	0.6420E+00
165.0	0.1252E+02	0.3104E+00	0.7228E+00	0.6127E+00
166.0	0.1240E+02	0.2945E+00	0.7553E+00	0.5816E+00
167.0	0.1228E+02	0.2777E+00	0.7864E+00	0.5487E+00
168.0	0.1216E+02	0.2601E+00	0.8158E+00	0.5140E+00
169.0	0.1206E+02	0.2416E+00	0.8436E+00	0.4777E+00
170.0	0.1197E+02	0.2224E+00	0.8694E+00	0.4398E+00
171.0	0.1188E+02	0.2024E+00	0.8933E+00	0.4003E+00
172.0	0.1180E+02	0.1818E+00	0.9150E+00	0.3595E+00
173.0	0.1174E+02	0.1605E+00	0.9344E+00	0.3175E+00
174.0	0.1168E+02	0.1386E+00	0.9515E+00	0.2743E+00
175.0	0.1163E+02	0.1163E+00	0.9661E+00	0.2301E+00
176.0	0.1159E+02	0.9356E-01	0.9782E+00	0.1852E+00
177.0	0.1155E+02	0.7047E-01	0.9877E+00	0.1395E+00
178.0	0.1153E+02	0.4713E-01	0.9945E+00	0.9329E-01
179.0	0.1152E+02	0.2362E-01	0.9986E+00	0.4675E-01
180.0	0.1151E+02	0.3024E-04	0.1000E+01	0.3617E-04
