0.0	0.4132E+01	0.0000E+00	0.1000E+01	0.0000E+00
1.0	0.4134E+01	-0.1621E-02	0.9987E+00	-0.5062E-01
2.0	0.4139E+01	-0.3234E-02	0.9949E+00	-0.1011E+00
3.0	0.4148E+01	-0.4828E-02	0.9885E+00	-0.1511E+00
4.0	0.4160E+01	-0.6395E-02	0.9796E+00	-0.2006E+00
5.0	0.4176E+01	-0.7925E-02	0.9683E+00	-0.2495E+00
6.0	0.4195E+01	-0.9412E-02	0.9546E+00	-0.2974E+00
7.0	0.4218E+01	-0.1085E-01	0.9387E+00	-0.3443E+00
8.0	0.4244E+01	-0.1222E-01	0.9205E+00	-0.3900E+00
9.0	0.4273E+01	-0.1353E-01	0.9003E+00	-0.4344E+00
10.0	0.4306E+01	-0.1476E-01	0.8781E+00	-0.4773E+00
11.0	0.4342E+01	-0.1591E-01	0.8540E+00	-0.5187E+00
12.0	0.4381E+01	-0.1697E-01	0.8282E+00	-0.5585E+00
13.0	0.4423E+01	-0.1794E-01	0.8008E+00	-0.5965E+00
14.0	0.4468E+01	-0.1882E-01	0.7720E+00	-0.6327E+00
15.0	0.4516E+01	-0.1959E-01	0.7418E+00	-0.6671E+00
16.0	0.4567E+01	-0.2025E-01	0.7105E+00	-0.6996E+00
17.0	0.4620E+01	-0.2081E-01	0.6781E+00	-0.7302E+00
18.0	0.4677E+01	-0.2125E-01	0.6447E+00	-0.7589E+00
19.0	0.4735E+01	-0.2158E-01	0.6106E+00	-0.7856E+00
20.0	0.4797E+01	-0.2179E-01	0.5758E+00	-0.8104E+00
21.0	0.4861E+01	-0.2188E-01	0.5404E+00	-0.8333E+00
22.0	0.4927E+01	-0.2185E-01	0.5046E+00	-0.8543E+00
23.0	0.4995E+01	-0.2169E-01	0.4684E+00	-0.8734E+00
24.0	0.5065E+01	-0.2141E-01	0.4320E+00	-0.8906E+00
25.0	0.5137E+01	-0.2101E-01	0.3955E+00	-0.9061E+00
26.0	0.5211E+01	-0.2048E-01	0.3589E+00	-0.9198E+00
27.0	0.5287E+01	-0.1982E-01	0.3223E+00	-0.9318E+00
28.0	0.5364E+01	-0.1904E-01	0.2858E+00	-0.9421E+00
29.0	0.5443E+01	-0.1813E-01	0.2495E+00	-0.9508E+00
30.0	0.5523E+01	-0.1710E-01	0.2133E+00	-0.9580E+00
31.0	0.5605E+01	-0.1594E-01	0.1775E+00	-0.9637E+00
32.0	0.5687E+01	-0.1465E-01	0.1420E+00	-0.9679E+00
33.0	0.5771E+01	-0.1324E-01	0.1069E+00	-0.9708E+00
34.0	0.5855E+01	-0.1170E-01	0.7213E-01	-0.9723E+00
35.0	0.5941E+01	-0.1003E-01	0.3785E-01	-0.9726E+00
36.0	0.6027E+01	-0.8242E-02	0.4051E-02	-0.9716E+00
37.0	0.6113E+01	-0.6327E-02	-0.2924E-01	-0.9694E+00
38.0	0.6200E+01	-0.4290E-02	-0.6201E-01	-0.9662E+00
39.0	0.6288E+01	-0.2129E-02	-0.9422E-01	-0.9618E+00
40.0	0.6375E+01	0.1524E-03	-0.1259E+00	-0.9564E+00
41.0	0.6463E+01	0.2557E-02	-0.1569E+00	-0.9501E+00
42.0	0.6551E+01	0.5081E-02	-0.1874E+00	-0.9428E+00
43.0	0.6639E+01	0.7725E-02	-0.2172E+00	-0.9346E+00
44.0	0.6726E+01	0.1049E-01	-0.2465E+00	-0.9255E+00
45.0	0.6814E+01	0.1337E-01	-0.2751E+00	-0.9157E+00
46.0	0.6901E+01	0.1637E-01	-0.3030E+00	-0.9050E+00
47.0	0.6987E+01	0.1948E-01	-0.3304E+00	-0.8936E+00
48.0	0.7073E+01	0.2270E-01	-0.3571E+00	-0.8815E+00
49.0	0.7159E+01	0.2604E-01	-0.3831E+00	-0.8687E+00
50.0	0.7243E+01	0.2949E-01	-0.4085E+00	-0.8553E+00
51.0	0.7327E+01	0.3305E-01	-0.4333E+00	-0.8412E+00
52.0	0.7410E+01	0.3672E-01	-0.4574E+00	-0.8266E+00
53.0	0.7492E+01	0.4049E-01	-0.4809E+00	-0.8114E+00
54.0	0.7573E+01	0.4437E-01	-0.5037E+00	-0.7956E+00
55.0	0.7653E+01	0.4835E-01	-0.5259E+00	-0.7793E+00
56.0	0.7732E+01	0.5242E-01	-0.5474E+00	-0.7625E+00
57.0	0.7810E+01	0.5660E-01	-0.5682E+00	-0.7452E+00
58.0	0.7886E+01	0.6088E-01	-0.5884E+00	-0.7275E+00
59.0	0.7961E+01	0.6524E-01	-0.6080E+00	-0.7093E+00
60.0	0.8035E+01	0.6970E-01	-0.6269E+00	-0.6908E+00
61.0	0.8107E+01	0.7425E-01	-0.6452E+00	-0.6718E+00
62.0	0.8178E+01	0.7888E-01	-0.6628E+00	-0.6524E+00
63.0	0.8247E+01	0.8360E-01	-0.6798E+00	-0.6327E+00
64.0	0.8314E+01	0.8839E-01	-0.6961E+00	-0.6126E+00
65.0	0.8380E+01	0.9327E-01	-0.7118E+00	-0.5922E+00
66.0	0.8444E+01	0.9822E-01	-0.7268E+00	-0.5715E+00
67.0	0.8506E+01	0.1032E+00	-0.7412E+00	-0.5505E+00
68.0	0.8567E+01	0.1083E+00	-0.7550E+00	-0.5292E+00
69.0	0.8626E+01	0.1135E+00	-0.7681E+00	-0.5076E+00
70.0	0.8682E+01	0.1187E+00	-0.7806E+00	-0.4858E+00
71.0	0.8737E+01	0.1240E+00	-0.7924E+00	-0.4637E+00
72.0	0.8790E+01	0.1293E+00	-0.8036E+00	-0.4414E+00
73.0	0.8841E+01	0.1347E+00	-0.8141E+00	-0.4189E+00
74.0	0.8890E+01	0.1401E+00	-0.8240E+00	-0.3962E+00
75.0	0.8937E+01	0.1456E+00	-0.8333E+00	-0.3733E+00
76.0	0.8981E+01	0.1511E+00	-0.8419E+00	-0.3502E+00
77.0	0.9024E+01	0.1567E+00	-0.8498E+00	-0.3269E+00
78.0	0.9064E+01	0.1623E+00	-0.8572E+00	-0.3035E+00
79.0	0.9102E+01	0.1679E+00	-0.8638E+00	-0.2800E+00
80.0	0.9138E+01	0.1736E+00	-0.8699E+00	-0.2563E+00
81.0	0.9172E+01	0.1793E+00	-0.8753E+00	-0.2325E+00
82.0	0.9203E+01	0.1850E+00	-0.8800E+00	-0.2086E+00
83.0	0.9232E+01	0.1907E+00	-0.8841E+00	-0.1847E+00
84.0	0.9259E+01	0.1964E+00	-0.8876E+00	-0.1606E+00
85.0	0.9284E+01	0.2022E+00	-0.8904E+00	-0.1365E+00
86.0	0.9306E+01	0.2079E+00	-0.8926E+00	-0.1123E+00
87.0	0.9325E+01	0.2137E+00	-0.8942E+00	-0.8801E-01
88.0	0.9343E+01	0.2195E+00	-0.8951E+00	-0.6372E-01
89.0	0.9358E+01	0.2252E+00	-0.8953E+00	-0.3941E-01
90.0	0.9370E+01	0.2310E+00	-0.8949E+00	-0.1509E-01
91.0	0.9380E+01	0.2368E+00	-0.8938E+00	0.9239E-02
92.0	0.9388E+01	0.2425E+00	-0.8921E+00	0.3356E-01
93.0	0.9393E+01	0.2482E+00	-0.8898E+00	0.5786E-01
94.0	0.9396E+01	0.2539E+00	-0.8868E+00	0.8214E-01
95.0	0.9396E+01	0.2596E+00	-0.8831E+00	0.1064E+00
96.0	0.9394E+01	0.2653E+00	-0.8788E+00	0.1306E+00
97.0	0.9390E+01	0.2709E+00	-0.8739E+00	0.1547E+00
98.0	0.9383E+01	0.2765E+00	-0.8682E+00	0.1787E+00
99.0	0.9373E+01	0.2821E+00	-0.8619E+00	0.2027E+00
100.0	0.9362E+01	0.2877E+00	-0.8550E+00	0.2265E+00
101.0	0.9348E+01	0.2931E+00	-0.8474E+00	0.2503E+00
102.0	0.9331E+01	0.2986E+00	-0.8391E+00	0.2739E+00
103.0	0.9313E+01	0.3040E+00	-0.8301E+00	0.2974E+00
104.0	0.9292E+01	0.3093E+00	-0.8205E+00	0.3207E+00
105.0	0.9268E+01	0.3146E+00	-0.8101E+00	0.3439E+00
106.0	0.9243E+01	0.3198E+00	-0.7991E+00	0.3669E+00
107.0	0.9215E+01	0.3250E+00	-0.7874E+00	0.3897E+00
108.0	0.9186E+01	0.3301E+00	-0.7750E+00	0.4123E+00
109.0	0.9154E+01	0.3351E+00	-0.7619E+00	0.4347E+00
110.0	0.9120E+01	0.3400E+00	-0.7481E+00	0.4568E+00
111.0	0.9084E+01	0.3448E+00	-0.7336E+00	0.4787E+00
112.0	0.9047E+01	0.3495E+00	-0.7185E+00	0.5003E+00
113.0	0.9007E+01	0.3542E+00	-0.7025E+00	0.5216E+00
114.0	0.8966E+01	0.3587E+00	-0.6859E+00	0.5426E+00
115.0	0.8923E+01	0.3631E+00	-0.6686E+00	0.5633E+00
116.0	0.8878E+01	0.3674E+00	-0.6505E+00	0.5836E+00
117.0	0.8832E+01	0.3716E+00	-0.6317E+00	0.6035E+00
118.0	0.8784E+01	0.3756E+00	-0.6122E+00	0.6230E+00
119.0	0.8735E+01	0.3795E+00	-0.5920E+00	0.6421E+00
120.0	0.8684E+01	0.3833E+00	-0.5711E+00	0.6608E+00
121.0	0.8633E+01	0.3869E+00	-0.5494E+00	0.6789E+00
122.0	0.8580E+01	0.3903E+00	-0.5270E+00	0.6966E+00
123.0	0.8526E+01	0.3935E+00	-0.5039E+00	0.7137E+00
124.0	0.8470E+01	0.3966E+00	-0.4800E+00	0.7303E+00
125.0	0.8414E+01	0.3994E+00	-0.4555E+00	0.7463E+00
126.0	0.8358E+01	0.4020E+00	-0.4302E+00	0.7617E+00
127.0	0.8300E+01	0.4045E+00	-0.4043E+00	0.7764E+00
128.0	0.8242E+01	0.4067E+00	-0.3776E+00	0.7904E+00
129.0	0.8183E+01	0.4086E+00	-0.3503E+00	0.8038E+00
130.0	0.8124E+01	0.4103E+00	-0.3223E+00	0.8163E+00
131.0	0.8064E+01	0.4117E+00	-0.2936E+00	0.8281E+00
132.0	0.8004E+01	0.4129E+00	-0.2643E+00	0.8391E+00
133.0	0.7944E+01	0.4138E+00	-0.2344E+00	0.8492E+00
134.0	0.7884E+01	0.4143E+00	-0.2039E+00	0.8584E+00
135.0	0.7824E+01	0.4146E+00	-0.1728E+00	0.8666E+00
136.0	0.7764E+01	0.4145E+00	-0.1411E+00	0.8739E+00
137.0	0.7704E+01	0.4141E+00	-0.1090E+00	0.8803E+00
138.0	0.7644E+01	0.4133E+00	-0.7632E-01	0.8855E+00
139.0	0.7585E+01	0.4122E+00	-0.4320E-01	0.8897E+00
140.0	0.7526E+01	0.4106E+00	-0.9656E-02	0.8928E+00
141.0	0.7468E+01	0.4087E+00	0.2427E-01	0.8947E+00
142.0	0.7410E+01	0.4064E+00	0.5854E-01	0.8955E+00
143.0	0.7353E+01	0.4037E+00	0.9310E-01	0.8951E+00
144.0	0.7297E+01	0.4006E+00	0.1279E+00	0.8934E+00
145.0	0.7241E+01	0.3970E+00	0.1629E+00	0.8905E+00
146.0	0.7187E+01	0.3930E+00	0.1981E+00	0.8862E+00
147.0	0.7133E+01	0.3885E+00	0.2333E+00	0.8807E+00
148.0	0.7081E+01	0.3836E+00	0.2686E+00	0.8738E+00
149.0	0.7029E+01	0.3782E+00	0.3038E+00	0.8655E+00
150.0	0.6979E+01	0.3723E+00	0.3390E+00	0.8559E+00
151.0	0.6929E+01	0.3659E+00	0.3740E+00	0.8448E+00
152.0	0.6881E+01	0.3591E+00	0.4087E+00	0.8324E+00
153.0	0.6835E+01	0.3518E+00	0.4432E+00	0.8186E+00
154.0	0.6789E+01	0.3440E+00	0.4772E+00	0.8033E+00
155.0	0.6745E+01	0.3357E+00	0.5109E+00	0.7867E+00
156.0	0.6703E+01	0.3269E+00	0.5440E+00	0.7686E+00
157.0	0.6662E+01	0.3176E+00	0.5765E+00	0.7491E+00
158.0	0.6622E+01	0.3079E+00	0.6083E+00	0.7283E+00
159.0	0.6585E+01	0.2977E+00	0.6394E+00	0.7061E+00
160.0	0.6548E+01	0.2870E+00	0.6697E+00	0.6825E+00
161.0	0.6513E+01	0.2758E+00	0.6991E+00	0.6576E+00
162.0	0.6480E+01	0.2642E+00	0.7275E+00	0.6314E+00
163.0	0.6449E+01	0.2522E+00	0.7548E+00	0.6040E+00
164.0	0.6419E+01	0.2398E+00	0.7810E+00	0.5753E+00
165.0	0.6391E+01	0.2269E+00	0.8061E+00	0.5455E+00
166.0	0.6365E+01	0.2137E+00	0.8299E+00	0.5146E+00
167.0	0.6340E+01	0.2001E+00	0.8523E+00	0.4826E+00
168.0	0.6317E+01	0.1861E+00	0.8734E+00	0.4496E+00
169.0	0.6296E+01	0.1718E+00	0.8930E+00	0.4156E+00
170.0	0.6277E+01	0.1572E+00	0.9111E+00	0.3808E+00
171.0	0.6260E+01	0.1423E+00	0.9276E+00	0.3451E+00
172.0	0.6244E+01	0.1272E+00	0.9426E+00	0.3087E+00
173.0	0.6230E+01	0.1118E+00	0.9559E+00	0.2716E+00
174.0	0.6218E+01	0.9623E-01	0.9675E+00	0.2339E+00
175.0	0.6208E+01	0.8047E-01	0.9773E+00	0.1957E+00
176.0	0.6200E+01	0.6456E-01	0.9855E+00	0.1571E+00
177.0	0.6193E+01	0.4853E-01	0.9918E+00	0.1182E+00
178.0	0.6189E+01	0.3241E-01	0.9964E+00	0.7893E-01
179.0	0.6186E+01	0.1623E-01	0.9991E+00	0.3953E-01
180.0	0.6185E+01	0.1708E-04	0.1000E+01	0.2625E-04
