0.0	0.1228E+02	0.0000E+00	0.1000E+01	0.0000E+00
1.0	0.1229E+02	-0.6353E-02	0.9986E+00	-0.5231E-01
2.0	0.1230E+02	-0.1269E-01	0.9945E+00	-0.1044E+00
3.0	0.1233E+02	-0.1899E-01	0.9876E+00	-0.1561E+00
4.0	0.1238E+02	-0.2523E-01	0.9780E+00	-0.2071E+00
5.0	0.1243E+02	-0.3141E-01	0.9658E+00	-0.2573E+00
6.0	0.1250E+02	-0.3750E-01	0.9510E+00	-0.3065E+00
7.0	0.1258E+02	-0.4348E-01	0.9338E+00	-0.3545E+00
8.0	0.1267E+02	-0.4935E-01	0.9143E+00	-0.4012E+00
9.0	0.1277E+02	-0.5509E-01	0.8926E+00	-0.4463E+00
10.0	0.1288E+02	-0.6068E-01	0.8688E+00	-0.4897E+00
11.0	0.1300E+02	-0.6611E-01	0.8431E+00	-0.5314E+00
12.0	0.1314E+02	-0.7138E-01	0.8157E+00	-0.5713E+00
13.0	0.1328E+02	-0.7647E-01	0.7866E+00	-0.6092E+00
14.0	0.1344E+02	-0.8137E-01	0.7561E+00	-0.6451E+00
15.0	0.1361E+02	-0.8607E-01	0.7243E+00	-0.6789E+00
16.0	0.1378E+02	-0.9058E-01	0.6914E+00	-0.7106E+00
17.0	0.1397E+02	-0.9487E-01	0.6575E+00	-0.7402E+00
18.0	0.1417E+02	-0.9896E-01	0.6227E+00	-0.7676E+00
19.0	0.1437E+02	-0.1028E+00	0.5873E+00	-0.7930E+00
20.0	0.1459E+02	-0.1065E+00	0.5513E+00	-0.8162E+00
21.0	0.1481E+02	-0.1099E+00	0.5148E+00	-0.8374E+00
22.0	0.1504E+02	-0.1131E+00	0.4781E+00	-0.8565E+00
23.0	0.1528E+02	-0.1160E+00	0.4412E+00	-0.8736E+00
24.0	0.1553E+02	-0.1188E+00	0.4043E+00	-0.8888E+00
25.0	0.1579E+02	-0.1213E+00	0.3673E+00	-0.9021E+00
26.0	0.1605E+02	-0.1236E+00	0.3305E+00	-0.9136E+00
27.0	0.1632E+02	-0.1256E+00	0.2939E+00	-0.9233E+00
28.0	0.1659E+02	-0.1275E+00	0.2576E+00	-0.9313E+00
29.0	0.1687E+02	-0.1291E+00	0.2216E+00	-0.9377E+00
30.0	0.1716E+02	-0.1304E+00	0.1860E+00	-0.9426E+00
31.0	0.1745E+02	-0.1316E+00	0.1508E+00	-0.9460E+00
32.0	0.1774E+02	-0.1325E+00	0.1162E+00	-0.9479E+00
33.0	0.1804E+02	-0.1332E+00	0.8214E-01	-0.9486E+00
34.0	0.1835E+02	-0.1337E+00	0.4865E-01	-0.9479E+00
35.0	0.1865E+02	-0.1340E+00	0.1576E-01	-0.9461E+00
36.0	0.1896E+02	-0.1340E+00	-0.1649E-01	-0.9431E+00
37.0	0.1928E+02	-0.1338E+00	-0.4809E-01	-0.9391E+00
38.0	0.1959E+02	-0.1335E+00	-0.7901E-01	-0.9340E+00
39.0	0.1991E+02	-0.1329E+00	-0.1092E+00	-0.9280E+00
40.0	0.2023E+02	-0.1321E+00	-0.1388E+00	-0.9211E+00
41.0	0.2054E+02	-0.1311E+00	-0.1676E+00	-0.9134E+00
42.0	0.2086E+02	-0.1299E+00	-0.1957E+00	-0.9048E+00
43.0	0.2118E+02	-0.1285E+00	-0.2232E+00	-0.8955E+00
44.0	0.2150E+02	-0.1270E+00	-0.2499E+00	-0.8855E+00
45.0	0.2182E+02	-0.1252E+00	-0.2759E+00	-0.8749E+00
46.0	0.2214E+02	-0.1232E+00	-0.3012E+00	-0.8636E+00
47.0	0.2246E+02	-0.1211E+00	-0.3258E+00	-0.8518E+00
48.0	0.2277E+02	-0.1187E+00	-0.3497E+00	-0.8394E+00
49.0	0.2308E+02	-0.1162E+00	-0.3729E+00	-0.8266E+00
50.0	0.2339E+02	-0.1135E+00	-0.3954E+00	-0.8132E+00
51.0	0.2370E+02	-0.1107E+00	-0.4173E+00	-0.7994E+00
52.0	0.2401E+02	-0.1076E+00	-0.4385E+00	-0.7853E+00
53.0	0.2431E+02	-0.1044E+00	-0.4590E+00	-0.7707E+00
54.0	0.2460E+02	-0.1010E+00	-0.4789E+00	-0.7558E+00
55.0	0.2489E+02	-0.9751E-01	-0.4981E+00	-0.7405E+00
56.0	0.2518E+02	-0.9382E-01	-0.5168E+00	-0.7249E+00
57.0	0.2546E+02	-0.8998E-01	-0.5348E+00	-0.7091E+00
58.0	0.2574E+02	-0.8599E-01	-0.5522E+00	-0.6929E+00
59.0	0.2601E+02	-0.8186E-01	-0.5690E+00	-0.6765E+00
60.0	0.2627E+02	-0.7758E-01	-0.5852E+00	-0.6599E+00
61.0	0.2653E+02	-0.7317E-01	-0.6008E+00	-0.6431E+00
62.0	0.2679E+02	-0.6863E-01	-0.6158E+00	-0.6260E+00
63.0	0.2703E+02	-0.6395E-01	-0.6303E+00	-0.6088E+00
64.0	0.2727E+02	-0.5915E-01	-0.6443E+00	-0.5914E+00
65.0	0.2750E+02	-0.5423E-01	-0.6576E+00	-0.5738E+00
66.0	0.2772E+02	-0.4920E-01	-0.6705E+00	-0.5560E+00
67.0	0.2794E+02	-0.4405E-01	-0.6828E+00	-0.5381E+00
68.0	0.2814E+02	-0.3879E-01	-0.6946E+00	-0.5201E+00
69.0	0.2834E+02	-0.3343E-01	-0.7059E+00	-0.5020E+00
70.0	0.2853E+02	-0.2797E-01	-0.7166E+00	-0.4837E+00
71.0	0.2871E+02	-0.2241E-01	-0.7269E+00	-0.4653E+00
72.0	0.2888E+02	-0.1676E-01	-0.7366E+00	-0.4469E+00
73.0	0.2905E+02	-0.1102E-01	-0.7459E+00	-0.4283E+00
74.0	0.2920E+02	-0.5200E-02	-0.7547E+00	-0.4096E+00
75.0	0.2934E+02	0.7005E-03	-0.7630E+00	-0.3909E+00
76.0	0.2948E+02	0.6678E-02	-0.7709E+00	-0.3720E+00
77.0	0.2960E+02	0.1273E-01	-0.7782E+00	-0.3531E+00
78.0	0.2971E+02	0.1885E-01	-0.7852E+00	-0.3342E+00
79.0	0.2982E+02	0.2503E-01	-0.7916E+00	-0.3151E+00
80.0	0.2991E+02	0.3128E-01	-0.7976E+00	-0.2961E+00
81.0	0.2999E+02	0.3758E-01	-0.8031E+00	-0.2769E+00
82.0	0.3006E+02	0.4394E-01	-0.8082E+00	-0.2577E+00
83.0	0.3012E+02	0.5035E-01	-0.8129E+00	-0.2385E+00
84.0	0.3017E+02	0.5681E-01	-0.8171E+00	-0.2192E+00
85.0	0.3021E+02	0.6332E-01	-0.8209E+00	-0.1999E+00
86.0	0.3024E+02	0.6987E-01	-0.8242E+00	-0.1805E+00
87.0	0.3026E+02	0.7647E-01	-0.8271E+00	-0.1611E+00
88.0	0.3026E+02	0.8310E-01	-0.8296E+00	-0.1417E+00
89.0	0.3026E+02	0.8977E-01	-0.8316E+00	-0.1222E+00
90.0	0.3024E+02	0.9648E-01	-0.8332E+00	-0.1027E+00
91.0	0.3022E+02	0.1032E+00	-0.8343E+00	-0.8320E-01
92.0	0.3018E+02	0.1100E+00	-0.8351E+00	-0.6365E-01
93.0	0.3013E+02	0.1168E+00	-0.8353E+00	-0.4409E-01
94.0	0.3007E+02	0.1236E+00	-0.8352E+00	-0.2450E-01
95.0	0.3000E+02	0.1305E+00	-0.8346E+00	-0.4895E-02
96.0	0.2992E+02	0.1373E+00	-0.8336E+00	0.1473E-01
97.0	0.2982E+02	0.1442E+00	-0.8321E+00	0.3436E-01
98.0	0.2972E+02	0.1512E+00	-0.8302E+00	0.5401E-01
99.0	0.2961E+02	0.1581E+00	-0.8278E+00	0.7366E-01
100.0	0.2948E+02	0.1651E+00	-0.8250E+00	0.9333E-01
101.0	0.2935E+02	0.1721E+00	-0.8217E+00	0.1130E+00
102.0	0.2920E+02	0.1791E+00	-0.8180E+00	0.1327E+00
103.0	0.2905E+02	0.1861E+00	-0.8138E+00	0.1523E+00
104.0	0.2888E+02	0.1932E+00	-0.8091E+00	0.1720E+00
105.0	0.2871E+02	0.2002E+00	-0.8039E+00	0.1916E+00
106.0	0.2852E+02	0.2073E+00	-0.7982E+00	0.2113E+00
107.0	0.2833E+02	0.2144E+00	-0.7921E+00	0.2309E+00
108.0	0.2812E+02	0.2215E+00	-0.7854E+00	0.2505E+00
109.0	0.2791E+02	0.2286E+00	-0.7782E+00	0.2701E+00
110.0	0.2769E+02	0.2358E+00	-0.7705E+00	0.2896E+00
111.0	0.2746E+02	0.2429E+00	-0.7623E+00	0.3092E+00
112.0	0.2723E+02	0.2501E+00	-0.7535E+00	0.3286E+00
113.0	0.2698E+02	0.2572E+00	-0.7442E+00	0.3480E+00
114.0	0.2673E+02	0.2644E+00	-0.7342E+00	0.3674E+00
115.0	0.2647E+02	0.2716E+00	-0.7238E+00	0.3867E+00
116.0	0.2621E+02	0.2787E+00	-0.7127E+00	0.4059E+00
117.0	0.2593E+02	0.2859E+00	-0.7010E+00	0.4250E+00
118.0	0.2566E+02	0.2930E+00	-0.6887E+00	0.4440E+00
119.0	0.2537E+02	0.3002E+00	-0.6757E+00	0.4629E+00
120.0	0.2508E+02	0.3073E+00	-0.6621E+00	0.4817E+00
121.0	0.2478E+02	0.3144E+00	-0.6478E+00	0.5004E+00
122.0	0.2448E+02	0.3214E+00	-0.6329E+00	0.5188E+00
123.0	0.2418E+02	0.3284E+00	-0.6173E+00	0.5371E+00
124.0	0.2387E+02	0.3354E+00	-0.6009E+00	0.5553E+00
125.0	0.2356E+02	0.3423E+00	-0.5838E+00	0.5732E+00
126.0	0.2324E+02	0.3492E+00	-0.5660E+00	0.5908E+00
127.0	0.2293E+02	0.3560E+00	-0.5474E+00	0.6082E+00
128.0	0.2260E+02	0.3627E+00	-0.5280E+00	0.6253E+00
129.0	0.2228E+02	0.3693E+00	-0.5078E+00	0.6421E+00
130.0	0.2196E+02	0.3758E+00	-0.4868E+00	0.6586E+00
131.0	0.2163E+02	0.3821E+00	-0.4650E+00	0.6746E+00
132.0	0.2130E+02	0.3883E+00	-0.4424E+00	0.6903E+00
133.0	0.2098E+02	0.3944E+00	-0.4188E+00	0.7055E+00
134.0	0.2065E+02	0.4002E+00	-0.3945E+00	0.7202E+00
135.0	0.2032E+02	0.4059E+00	-0.3692E+00	0.7344E+00
136.0	0.2000E+02	0.4113E+00	-0.3431E+00	0.7480E+00
137.0	0.1967E+02	0.4165E+00	-0.3161E+00	0.7611E+00
138.0	0.1935E+02	0.4214E+00	-0.2882E+00	0.7734E+00
139.0	0.1902E+02	0.4261E+00	-0.2594E+00	0.7850E+00
140.0	0.1871E+02	0.4303E+00	-0.2296E+00	0.7959E+00
141.0	0.1839E+02	0.4343E+00	-0.1990E+00	0.8059E+00
142.0	0.1807E+02	0.4378E+00	-0.1675E+00	0.8150E+00
143.0	0.1776E+02	0.4409E+00	-0.1351E+00	0.8232E+00
144.0	0.1746E+02	0.4436E+00	-0.1019E+00	0.8303E+00
145.0	0.1715E+02	0.4458E+00	-0.6782E-01	0.8364E+00
146.0	0.1686E+02	0.4474E+00	-0.3292E-01	0.8414E+00
147.0	0.1656E+02	0.4485E+00	0.2773E-02	0.8451E+00
148.0	0.1628E+02	0.4490E+00	0.3921E-01	0.8475E+00
149.0	0.1599E+02	0.4488E+00	0.7635E-01	0.8486E+00
150.0	0.1572E+02	0.4480E+00	0.1141E+00	0.8482E+00
151.0	0.1545E+02	0.4464E+00	0.1525E+00	0.8463E+00
152.0	0.1518E+02	0.4441E+00	0.1915E+00	0.8429E+00
153.0	0.1492E+02	0.4409E+00	0.2308E+00	0.8378E+00
154.0	0.1467E+02	0.4369E+00	0.2706E+00	0.8310E+00
155.0	0.1443E+02	0.4320E+00	0.3106E+00	0.8224E+00
156.0	0.1419E+02	0.4263E+00	0.3509E+00	0.8120E+00
157.0	0.1397E+02	0.4195E+00	0.3912E+00	0.7996E+00
158.0	0.1375E+02	0.4118E+00	0.4314E+00	0.7853E+00
159.0	0.1354E+02	0.4031E+00	0.4715E+00	0.7690E+00
160.0	0.1333E+02	0.3933E+00	0.5112E+00	0.7507E+00
161.0	0.1314E+02	0.3825E+00	0.5506E+00	0.7303E+00
162.0	0.1295E+02	0.3706E+00	0.5893E+00	0.7078E+00
163.0	0.1277E+02	0.3577E+00	0.6272E+00	0.6832E+00
164.0	0.1261E+02	0.3436E+00	0.6643E+00	0.6565E+00
165.0	0.1245E+02	0.3285E+00	0.7002E+00	0.6278E+00
166.0	0.1230E+02	0.3124E+00	0.7349E+00	0.5969E+00
167.0	0.1216E+02	0.2952E+00	0.7682E+00	0.5641E+00
168.0	0.1203E+02	0.2769E+00	0.7998E+00	0.5293E+00
169.0	0.1191E+02	0.2577E+00	0.8297E+00	0.4926E+00
170.0	0.1180E+02	0.2376E+00	0.8577E+00	0.4541E+00
171.0	0.1170E+02	0.2166E+00	0.8835E+00	0.4140E+00
172.0	0.1161E+02	0.1947E+00	0.9071E+00	0.3722E+00
173.0	0.1153E+02	0.1721E+00	0.9283E+00	0.3290E+00
174.0	0.1147E+02	0.1489E+00	0.9469E+00	0.2846E+00
175.0	0.1141E+02	0.1250E+00	0.9629E+00	0.2389E+00
176.0	0.1136E+02	0.1006E+00	0.9761E+00	0.1923E+00
177.0	0.1132E+02	0.7585E-01	0.9865E+00	0.1450E+00
178.0	0.1130E+02	0.5075E-01	0.9940E+00	0.9699E-01
179.0	0.1128E+02	0.2544E-01	0.9985E+00	0.4862E-01
180.0	0.1128E+02	0.3370E-04	0.1000E+01	0.3870E-04
