0.0	0.2335E+01	0.0000E+00	0.1000E+01	0.0000E+00
1.0	0.2335E+01	0.1446E-02	0.9988E+00	-0.4897E-01
2.0	0.2338E+01	0.2893E-02	0.9952E+00	-0.9778E-01
3.0	0.2342E+01	0.4344E-02	0.9892E+00	-0.1463E+00
4.0	0.2349E+01	0.5800E-02	0.9809E+00	-0.1943E+00
5.0	0.2356E+01	0.7262E-02	0.9703E+00	-0.2416E+00
6.0	0.2366E+01	0.8732E-02	0.9575E+00	-0.2882E+00
7.0	0.2377E+01	0.1021E-01	0.9425E+00	-0.3339E+00
8.0	0.2390E+01	0.1170E-01	0.9254E+00	-0.3785E+00
9.0	0.2405E+01	0.1321E-01	0.9063E+00	-0.4219E+00
10.0	0.2421E+01	0.1473E-01	0.8853E+00	-0.4641E+00
11.0	0.2439E+01	0.1627E-01	0.8625E+00	-0.5048E+00
12.0	0.2459E+01	0.1782E-01	0.8380E+00	-0.5441E+00
13.0	0.2480E+01	0.1940E-01	0.8120E+00	-0.5818E+00
14.0	0.2502E+01	0.2100E-01	0.7845E+00	-0.6179E+00
15.0	0.2526E+01	0.2262E-01	0.7557E+00	-0.6523E+00
16.0	0.2551E+01	0.2427E-01	0.7256E+00	-0.6849E+00
17.0	0.2578E+01	0.2595E-01	0.6945E+00	-0.7158E+00
18.0	0.2606E+01	0.2766E-01	0.6624E+00	-0.7449E+00
19.0	0.2636E+01	0.2941E-01	0.6294E+00	-0.7722E+00
20.0	0.2667E+01	0.3118E-01	0.5956E+00	-0.7977E+00
21.0	0.2699E+01	0.3300E-01	0.5612E+00	-0.8214E+00
22.0	0.2732E+01	0.3485E-01	0.5263E+00	-0.8432E+00
23.0	0.2766E+01	0.3675E-01	0.4909E+00	-0.8633E+00
24.0	0.2801E+01	0.3868E-01	0.4552E+00	-0.8816E+00
25.0	0.2837E+01	0.4066E-01	0.4193E+00	-0.8982E+00
26.0	0.2874E+01	0.4269E-01	0.3831E+00	-0.9130E+00
27.0	0.2912E+01	0.4477E-01	0.3469E+00	-0.9262E+00
28.0	0.2951E+01	0.4690E-01	0.3106E+00	-0.9378E+00
29.0	0.2991E+01	0.4908E-01	0.2745E+00	-0.9477E+00
30.0	0.3031E+01	0.5132E-01	0.2384E+00	-0.9562E+00
31.0	0.3073E+01	0.5361E-01	0.2025E+00	-0.9631E+00
32.0	0.3114E+01	0.5596E-01	0.1668E+00	-0.9685E+00
33.0	0.3156E+01	0.5836E-01	0.1314E+00	-0.9726E+00
34.0	0.3199E+01	0.6083E-01	0.9630E-01	-0.9753E+00
35.0	0.3242E+01	0.6336E-01	0.6157E-01	-0.9767E+00
36.0	0.3286E+01	0.6596E-01	0.2724E-01	-0.9768E+00
37.0	0.3330E+01	0.6861E-01	-0.6658E-02	-0.9757E+00
38.0	0.3374E+01	0.7134E-01	-0.4010E-01	-0.9734E+00
39.0	0.3418E+01	0.7413E-01	-0.7306E-01	-0.9700E+00
40.0	0.3463E+01	0.7698E-01	-0.1055E+00	-0.9654E+00
41.0	0.3508E+01	0.7991E-01	-0.1374E+00	-0.9599E+00
42.0	0.3553E+01	0.8290E-01	-0.1688E+00	-0.9533E+00
43.0	0.3597E+01	0.8596E-01	-0.1996E+00	-0.9458E+00
44.0	0.3642E+01	0.8910E-01	-0.2299E+00	-0.9373E+00
45.0	0.3687E+01	0.9230E-01	-0.2595E+00	-0.9280E+00
46.0	0.3732E+01	0.9557E-01	-0.2885E+00	-0.9177E+00
47.0	0.3776E+01	0.9891E-01	-0.3170E+00	-0.9067E+00
48.0	0.3820E+01	0.1023E+00	-0.3448E+00	-0.8949E+00
49.0	0.3864E+01	0.1058E+00	-0.3720E+00	-0.8823E+00
50.0	0.3908E+01	0.1093E+00	-0.3985E+00	-0.8690E+00
51.0	0.3952E+01	0.1130E+00	-0.4244E+00	-0.8549E+00
52.0	0.3995E+01	0.1167E+00	-0.4497E+00	-0.8403E+00
53.0	0.4037E+01	0.1204E+00	-0.4743E+00	-0.8249E+00
54.0	0.4080E+01	0.1242E+00	-0.4982E+00	-0.8090E+00
55.0	0.4121E+01	0.1281E+00	-0.5215E+00	-0.7924E+00
56.0	0.4163E+01	0.1321E+00	-0.5441E+00	-0.7753E+00
57.0	0.4203E+01	0.1361E+00	-0.5661E+00	-0.7576E+00
58.0	0.4244E+01	0.1401E+00	-0.5874E+00	-0.7394E+00
59.0	0.4283E+01	0.1443E+00	-0.6080E+00	-0.7207E+00
60.0	0.4322E+01	0.1485E+00	-0.6279E+00	-0.7015E+00
61.0	0.4361E+01	0.1527E+00	-0.6472E+00	-0.6818E+00
62.0	0.4398E+01	0.1570E+00	-0.6658E+00	-0.6617E+00
63.0	0.4435E+01	0.1614E+00	-0.6837E+00	-0.6412E+00
64.0	0.4471E+01	0.1658E+00	-0.7009E+00	-0.6202E+00
65.0	0.4507E+01	0.1702E+00	-0.7175E+00	-0.5989E+00
66.0	0.4542E+01	0.1747E+00	-0.7333E+00	-0.5772E+00
67.0	0.4576E+01	0.1792E+00	-0.7485E+00	-0.5551E+00
68.0	0.4609E+01	0.1838E+00	-0.7629E+00	-0.5327E+00
69.0	0.4641E+01	0.1885E+00	-0.7767E+00	-0.5100E+00
70.0	0.4673E+01	0.1931E+00	-0.7898E+00	-0.4870E+00
71.0	0.4703E+01	0.1978E+00	-0.8022E+00	-0.4637E+00
72.0	0.4733E+01	0.2025E+00	-0.8139E+00	-0.4401E+00
73.0	0.4762E+01	0.2073E+00	-0.8248E+00	-0.4162E+00
74.0	0.4789E+01	0.2120E+00	-0.8351E+00	-0.3922E+00
75.0	0.4816E+01	0.2168E+00	-0.8447E+00	-0.3679E+00
76.0	0.4842E+01	0.2217E+00	-0.8536E+00	-0.3434E+00
77.0	0.4867E+01	0.2265E+00	-0.8617E+00	-0.3186E+00
78.0	0.4891E+01	0.2313E+00	-0.8692E+00	-0.2938E+00
79.0	0.4914E+01	0.2362E+00	-0.8759E+00	-0.2687E+00
80.0	0.4936E+01	0.2411E+00	-0.8820E+00	-0.2435E+00
81.0	0.4957E+01	0.2459E+00	-0.8873E+00	-0.2182E+00
82.0	0.4976E+01	0.2508E+00	-0.8919E+00	-0.1927E+00
83.0	0.4995E+01	0.2557E+00	-0.8958E+00	-0.1672E+00
84.0	0.5013E+01	0.2605E+00	-0.8990E+00	-0.1416E+00
85.0	0.5030E+01	0.2654E+00	-0.9014E+00	-0.1158E+00
86.0	0.5045E+01	0.2702E+00	-0.9032E+00	-0.9006E-01
87.0	0.5060E+01	0.2751E+00	-0.9042E+00	-0.6423E-01
88.0	0.5073E+01	0.2799E+00	-0.9045E+00	-0.3838E-01
89.0	0.5085E+01	0.2847E+00	-0.9041E+00	-0.1251E-01
90.0	0.5096E+01	0.2894E+00	-0.9029E+00	0.1336E-01
91.0	0.5106E+01	0.2942E+00	-0.9011E+00	0.3922E-01
92.0	0.5115E+01	0.2989E+00	-0.8985E+00	0.6505E-01
93.0	0.5123E+01	0.3036E+00	-0.8951E+00	0.9083E-01
94.0	0.5129E+01	0.3082E+00	-0.8911E+00	0.1166E+00
95.0	0.5135E+01	0.3128E+00	-0.8863E+00	0.1422E+00
96.0	0.5139E+01	0.3173E+00	-0.8808E+00	0.1678E+00
97.0	0.5142E+01	0.3218E+00	-0.8746E+00	0.1933E+00
98.0	0.5144E+01	0.3263E+00	-0.8676E+00	0.2186E+00
99.0	0.5145E+01	0.3307E+00	-0.8599E+00	0.2438E+00
100.0	0.5145E+01	0.3350E+00	-0.8515E+00	0.2689E+00
101.0	0.5144E+01	0.3392E+00	-0.8423E+00	0.2938E+00
102.0	0.5141E+01	0.3434E+00	-0.8324E+00	0.3185E+00
103.0	0.5138E+01	0.3476E+00	-0.8218E+00	0.3430E+00
104.0	0.5134E+01	0.3516E+00	-0.8104E+00	0.3673E+00
105.0	0.5128E+01	0.3556E+00	-0.7983E+00	0.3913E+00
106.0	0.5121E+01	0.3594E+00	-0.7854E+00	0.4152E+00
107.0	0.5114E+01	0.3632E+00	-0.7719E+00	0.4387E+00
108.0	0.5105E+01	0.3669E+00	-0.7575E+00	0.4619E+00
109.0	0.5096E+01	0.3705E+00	-0.7425E+00	0.4848E+00
110.0	0.5085E+01	0.3739E+00	-0.7266E+00	0.5074E+00
111.0	0.5074E+01	0.3773E+00	-0.7101E+00	0.5297E+00
112.0	0.5061E+01	0.3805E+00	-0.6928E+00	0.5515E+00
113.0	0.5048E+01	0.3836E+00	-0.6748E+00	0.5730E+00
114.0	0.5034E+01	0.3866E+00	-0.6560E+00	0.5941E+00
115.0	0.5019E+01	0.3895E+00	-0.6366E+00	0.6147E+00
116.0	0.5004E+01	0.3922E+00	-0.6164E+00	0.6348E+00
117.0	0.4987E+01	0.3947E+00	-0.5954E+00	0.6545E+00
118.0	0.4970E+01	0.3971E+00	-0.5738E+00	0.6736E+00
119.0	0.4952E+01	0.3993E+00	-0.5514E+00	0.6922E+00
120.0	0.4934E+01	0.4014E+00	-0.5284E+00	0.7102E+00
121.0	0.4915E+01	0.4032E+00	-0.5046E+00	0.7277E+00
122.0	0.4895E+01	0.4049E+00	-0.4801E+00	0.7445E+00
123.0	0.4875E+01	0.4064E+00	-0.4550E+00	0.7606E+00
124.0	0.4854E+01	0.4077E+00	-0.4292E+00	0.7761E+00
125.0	0.4833E+01	0.4087E+00	-0.4028E+00	0.7909E+00
126.0	0.4811E+01	0.4096E+00	-0.3757E+00	0.8049E+00
127.0	0.4789E+01	0.4102E+00	-0.3479E+00	0.8182E+00
128.0	0.4767E+01	0.4106E+00	-0.3196E+00	0.8307E+00
129.0	0.4744E+01	0.4107E+00	-0.2907E+00	0.8423E+00
130.0	0.4722E+01	0.4106E+00	-0.2612E+00	0.8531E+00
131.0	0.4698E+01	0.4102E+00	-0.2312E+00	0.8630E+00
132.0	0.4675E+01	0.4096E+00	-0.2006E+00	0.8720E+00
133.0	0.4652E+01	0.4087E+00	-0.1696E+00	0.8800E+00
134.0	0.4628E+01	0.4074E+00	-0.1381E+00	0.8870E+00
135.0	0.4605E+01	0.4059E+00	-0.1061E+00	0.8931E+00
136.0	0.4581E+01	0.4041E+00	-0.7377E-01	0.8981E+00
137.0	0.4558E+01	0.4020E+00	-0.4105E-01	0.9021E+00
138.0	0.4535E+01	0.3995E+00	-0.7996E-02	0.9049E+00
139.0	0.4511E+01	0.3967E+00	0.2535E-01	0.9067E+00
140.0	0.4488E+01	0.3936E+00	0.5896E-01	0.9073E+00
141.0	0.4465E+01	0.3902E+00	0.9277E-01	0.9067E+00
142.0	0.4442E+01	0.3864E+00	0.1267E+00	0.9050E+00
143.0	0.4420E+01	0.3822E+00	0.1608E+00	0.9020E+00
144.0	0.4398E+01	0.3777E+00	0.1950E+00	0.8979E+00
145.0	0.4376E+01	0.3729E+00	0.2292E+00	0.8925E+00
146.0	0.4354E+01	0.3677E+00	0.2634E+00	0.8858E+00
147.0	0.4333E+01	0.3621E+00	0.2974E+00	0.8779E+00
148.0	0.4312E+01	0.3561E+00	0.3313E+00	0.8687E+00
149.0	0.4292E+01	0.3498E+00	0.3651E+00	0.8582E+00
150.0	0.4272E+01	0.3431E+00	0.3985E+00	0.8464E+00
151.0	0.4252E+01	0.3360E+00	0.4317E+00	0.8334E+00
152.0	0.4233E+01	0.3285E+00	0.4645E+00	0.8190E+00
153.0	0.4215E+01	0.3207E+00	0.4968E+00	0.8034E+00
154.0	0.4197E+01	0.3125E+00	0.5286E+00	0.7865E+00
155.0	0.4179E+01	0.3040E+00	0.5599E+00	0.7684E+00
156.0	0.4163E+01	0.2951E+00	0.5906E+00	0.7490E+00
157.0	0.4146E+01	0.2858E+00	0.6206E+00	0.7284E+00
158.0	0.4131E+01	0.2762E+00	0.6498E+00	0.7065E+00
159.0	0.4116E+01	0.2663E+00	0.6783E+00	0.6835E+00
160.0	0.4101E+01	0.2560E+00	0.7058E+00	0.6593E+00
161.0	0.4088E+01	0.2454E+00	0.7325E+00	0.6340E+00
162.0	0.4074E+01	0.2344E+00	0.7582E+00	0.6076E+00
163.0	0.4062E+01	0.2232E+00	0.7828E+00	0.5801E+00
164.0	0.4050E+01	0.2117E+00	0.8063E+00	0.5517E+00
165.0	0.4039E+01	0.1999E+00	0.8287E+00	0.5222E+00
166.0	0.4029E+01	0.1878E+00	0.8500E+00	0.4918E+00
167.0	0.4019E+01	0.1755E+00	0.8699E+00	0.4605E+00
168.0	0.4010E+01	0.1630E+00	0.8886E+00	0.4284E+00
169.0	0.4002E+01	0.1502E+00	0.9060E+00	0.3956E+00
170.0	0.3994E+01	0.1372E+00	0.9220E+00	0.3620E+00
171.0	0.3987E+01	0.1241E+00	0.9366E+00	0.3277E+00
172.0	0.3981E+01	0.1107E+00	0.9497E+00	0.2929E+00
173.0	0.3976E+01	0.9722E-01	0.9614E+00	0.2575E+00
174.0	0.3971E+01	0.8359E-01	0.9715E+00	0.2216E+00
175.0	0.3967E+01	0.6984E-01	0.9802E+00	0.1853E+00
176.0	0.3964E+01	0.5599E-01	0.9873E+00	0.1487E+00
177.0	0.3961E+01	0.4207E-01	0.9928E+00	0.1117E+00
178.0	0.3959E+01	0.2808E-01	0.9968E+00	0.7462E-01
179.0	0.3958E+01	0.1406E-01	0.9992E+00	0.3736E-01
180.0	0.3958E+01	0.1333E-04	0.1000E+01	0.2327E-04
