0.0	0.5375E+01	0.0000E+00	0.1000E+01	0.0000E+00
1.0	0.5377E+01	-0.2897E-02	0.9987E+00	-0.5122E-01
2.0	0.5385E+01	-0.5781E-02	0.9947E+00	-0.1022E+00
3.0	0.5397E+01	-0.8640E-02	0.9882E+00	-0.1529E+00
4.0	0.5413E+01	-0.1146E-01	0.9791E+00	-0.2030E+00
5.0	0.5435E+01	-0.1424E-01	0.9675E+00	-0.2523E+00
6.0	0.5461E+01	-0.1695E-01	0.9535E+00	-0.3007E+00
7.0	0.5492E+01	-0.1959E-01	0.9371E+00	-0.3480E+00
8.0	0.5528E+01	-0.2215E-01	0.9186E+00	-0.3941E+00
9.0	0.5568E+01	-0.2462E-01	0.8979E+00	-0.4387E+00
10.0	0.5612E+01	-0.2699E-01	0.8752E+00	-0.4819E+00
11.0	0.5661E+01	-0.2926E-01	0.8506E+00	-0.5235E+00
12.0	0.5714E+01	-0.3140E-01	0.8243E+00	-0.5634E+00
13.0	0.5772E+01	-0.3343E-01	0.7964E+00	-0.6015E+00
14.0	0.5833E+01	-0.3532E-01	0.7670E+00	-0.6377E+00
15.0	0.5899E+01	-0.3708E-01	0.7363E+00	-0.6720E+00
16.0	0.5968E+01	-0.3870E-01	0.7044E+00	-0.7044E+00
17.0	0.6041E+01	-0.4017E-01	0.6715E+00	-0.7348E+00
18.0	0.6118E+01	-0.4150E-01	0.6377E+00	-0.7632E+00
19.0	0.6198E+01	-0.4268E-01	0.6032E+00	-0.7896E+00
20.0	0.6282E+01	-0.4371E-01	0.5680E+00	-0.8141E+00
21.0	0.6369E+01	-0.4458E-01	0.5322E+00	-0.8365E+00
22.0	0.6459E+01	-0.4530E-01	0.4961E+00	-0.8571E+00
23.0	0.6552E+01	-0.4586E-01	0.4597E+00	-0.8757E+00
24.0	0.6648E+01	-0.4627E-01	0.4230E+00	-0.8924E+00
25.0	0.6746E+01	-0.4651E-01	0.3863E+00	-0.9074E+00
26.0	0.6847E+01	-0.4661E-01	0.3496E+00	-0.9206E+00
27.0	0.6950E+01	-0.4654E-01	0.3129E+00	-0.9320E+00
28.0	0.7056E+01	-0.4632E-01	0.2764E+00	-0.9418E+00
29.0	0.7163E+01	-0.4594E-01	0.2400E+00	-0.9499E+00
30.0	0.7273E+01	-0.4540E-01	0.2040E+00	-0.9566E+00
31.0	0.7384E+01	-0.4471E-01	0.1682E+00	-0.9617E+00
32.0	0.7496E+01	-0.4387E-01	0.1329E+00	-0.9654E+00
33.0	0.7610E+01	-0.4288E-01	0.9790E-01	-0.9677E+00
34.0	0.7726E+01	-0.4173E-01	0.6340E-01	-0.9687E+00
35.0	0.7842E+01	-0.4044E-01	0.2938E-01	-0.9685E+00
36.0	0.7959E+01	-0.3900E-01	-0.4122E-02	-0.9670E+00
37.0	0.8077E+01	-0.3741E-01	-0.3708E-01	-0.9644E+00
38.0	0.8196E+01	-0.3567E-01	-0.6949E-01	-0.9607E+00
39.0	0.8315E+01	-0.3379E-01	-0.1013E+00	-0.9560E+00
40.0	0.8434E+01	-0.3176E-01	-0.1325E+00	-0.9502E+00
41.0	0.8553E+01	-0.2959E-01	-0.1631E+00	-0.9435E+00
42.0	0.8673E+01	-0.2729E-01	-0.1931E+00	-0.9359E+00
43.0	0.8792E+01	-0.2484E-01	-0.2225E+00	-0.9275E+00
44.0	0.8911E+01	-0.2226E-01	-0.2512E+00	-0.9182E+00
45.0	0.9030E+01	-0.1954E-01	-0.2793E+00	-0.9081E+00
46.0	0.9148E+01	-0.1668E-01	-0.3068E+00	-0.8973E+00
47.0	0.9266E+01	-0.1370E-01	-0.3336E+00	-0.8858E+00
48.0	0.9382E+01	-0.1058E-01	-0.3597E+00	-0.8736E+00
49.0	0.9498E+01	-0.7331E-02	-0.3852E+00	-0.8608E+00
50.0	0.9613E+01	-0.3958E-02	-0.4101E+00	-0.8473E+00
51.0	0.9727E+01	-0.4595E-03	-0.4342E+00	-0.8333E+00
52.0	0.9839E+01	0.3162E-02	-0.4578E+00	-0.8187E+00
53.0	0.9950E+01	0.6904E-02	-0.4807E+00	-0.8036E+00
54.0	0.1006E+02	0.1076E-01	-0.5029E+00	-0.7879E+00
55.0	0.1017E+02	0.1474E-01	-0.5245E+00	-0.7718E+00
56.0	0.1027E+02	0.1883E-01	-0.5455E+00	-0.7552E+00
57.0	0.1038E+02	0.2304E-01	-0.5658E+00	-0.7382E+00
58.0	0.1048E+02	0.2735E-01	-0.5855E+00	-0.7208E+00
59.0	0.1058E+02	0.3177E-01	-0.6045E+00	-0.7029E+00
60.0	0.1068E+02	0.3629E-01	-0.6229E+00	-0.6847E+00
61.0	0.1078E+02	0.4091E-01	-0.6407E+00	-0.6661E+00
62.0	0.1087E+02	0.4563E-01	-0.6578E+00	-0.6471E+00
63.0	0.1097E+02	0.5045E-01	-0.6744E+00	-0.6279E+00
64.0	0.1106E+02	0.5536E-01	-0.6902E+00	-0.6083E+00
65.0	0.1114E+02	0.6035E-01	-0.7055E+00	-0.5884E+00
66.0	0.1123E+02	0.6543E-01	-0.7201E+00	-0.5682E+00
67.0	0.1131E+02	0.7060E-01	-0.7341E+00	-0.5478E+00
68.0	0.1139E+02	0.7584E-01	-0.7475E+00	-0.5270E+00
69.0	0.1147E+02	0.8116E-01	-0.7603E+00	-0.5061E+00
70.0	0.1154E+02	0.8655E-01	-0.7725E+00	-0.4849E+00
71.0	0.1162E+02	0.9201E-01	-0.7840E+00	-0.4635E+00
72.0	0.1169E+02	0.9754E-01	-0.7949E+00	-0.4419E+00
73.0	0.1175E+02	0.1031E+00	-0.8053E+00	-0.4201E+00
74.0	0.1182E+02	0.1088E+00	-0.8150E+00	-0.3981E+00
75.0	0.1188E+02	0.1145E+00	-0.8240E+00	-0.3759E+00
76.0	0.1193E+02	0.1202E+00	-0.8325E+00	-0.3536E+00
77.0	0.1199E+02	0.1260E+00	-0.8404E+00	-0.3311E+00
78.0	0.1204E+02	0.1319E+00	-0.8477E+00	-0.3085E+00
79.0	0.1209E+02	0.1378E+00	-0.8543E+00	-0.2858E+00
80.0	0.1213E+02	0.1437E+00	-0.8604E+00	-0.2629E+00
81.0	0.1217E+02	0.1496E+00	-0.8658E+00	-0.2400E+00
82.0	0.1221E+02	0.1556E+00	-0.8706E+00	-0.2169E+00
83.0	0.1225E+02	0.1616E+00	-0.8749E+00	-0.1938E+00
84.0	0.1228E+02	0.1677E+00	-0.8785E+00	-0.1706E+00
85.0	0.1231E+02	0.1737E+00	-0.8815E+00	-0.1473E+00
86.0	0.1233E+02	0.1798E+00	-0.8839E+00	-0.1239E+00
87.0	0.1236E+02	0.1859E+00	-0.8857E+00	-0.1005E+00
88.0	0.1237E+02	0.1920E+00	-0.8869E+00	-0.7711E-01
89.0	0.1239E+02	0.1981E+00	-0.8875E+00	-0.5365E-01
90.0	0.1240E+02	0.2042E+00	-0.8875E+00	-0.3017E-01
91.0	0.1241E+02	0.2104E+00	-0.8869E+00	-0.6674E-02
92.0	0.1241E+02	0.2165E+00	-0.8857E+00	0.1682E-01
93.0	0.1242E+02	0.2226E+00	-0.8838E+00	0.4031E-01
94.0	0.1241E+02	0.2287E+00	-0.8814E+00	0.6378E-01
95.0	0.1241E+02	0.2348E+00	-0.8783E+00	0.8723E-01
96.0	0.1240E+02	0.2408E+00	-0.8746E+00	0.1106E+00
97.0	0.1239E+02	0.2469E+00	-0.8703E+00	0.1340E+00
98.0	0.1237E+02	0.2529E+00	-0.8654E+00	0.1573E+00
99.0	0.1235E+02	0.2590E+00	-0.8598E+00	0.1806E+00
100.0	0.1233E+02	0.2649E+00	-0.8536E+00	0.2037E+00
101.0	0.1230E+02	0.2709E+00	-0.8468E+00	0.2268E+00
102.0	0.1227E+02	0.2768E+00	-0.8394E+00	0.2498E+00
103.0	0.1224E+02	0.2827E+00	-0.8313E+00	0.2727E+00
104.0	0.1220E+02	0.2886E+00	-0.8226E+00	0.2955E+00
105.0	0.1217E+02	0.2944E+00	-0.8132E+00	0.3181E+00
106.0	0.1212E+02	0.3001E+00	-0.8031E+00	0.3406E+00
107.0	0.1208E+02	0.3058E+00	-0.7925E+00	0.3630E+00
108.0	0.1203E+02	0.3115E+00	-0.7811E+00	0.3852E+00
109.0	0.1198E+02	0.3170E+00	-0.7691E+00	0.4072E+00
110.0	0.1192E+02	0.3226E+00	-0.7564E+00	0.4290E+00
111.0	0.1187E+02	0.3280E+00	-0.7430E+00	0.4506E+00
112.0	0.1181E+02	0.3334E+00	-0.7289E+00	0.4719E+00
113.0	0.1175E+02	0.3386E+00	-0.7142E+00	0.4931E+00
114.0	0.1168E+02	0.3438E+00	-0.6987E+00	0.5139E+00
115.0	0.1162E+02	0.3489E+00	-0.6826E+00	0.5345E+00
116.0	0.1155E+02	0.3539E+00	-0.6657E+00	0.5548E+00
117.0	0.1147E+02	0.3588E+00	-0.6482E+00	0.5747E+00
118.0	0.1140E+02	0.3636E+00	-0.6299E+00	0.5944E+00
119.0	0.1133E+02	0.3682E+00	-0.6109E+00	0.6136E+00
120.0	0.1125E+02	0.3727E+00	-0.5911E+00	0.6325E+00
121.0	0.1117E+02	0.3771E+00	-0.5707E+00	0.6509E+00
122.0	0.1109E+02	0.3813E+00	-0.5495E+00	0.6690E+00
123.0	0.1101E+02	0.3853E+00	-0.5275E+00	0.6865E+00
124.0	0.1092E+02	0.3892E+00	-0.5049E+00	0.7036E+00
125.0	0.1084E+02	0.3929E+00	-0.4815E+00	0.7201E+00
126.0	0.1075E+02	0.3964E+00	-0.4573E+00	0.7361E+00
127.0	0.1066E+02	0.3997E+00	-0.4324E+00	0.7515E+00
128.0	0.1058E+02	0.4028E+00	-0.4069E+00	0.7663E+00
129.0	0.1049E+02	0.4057E+00	-0.3805E+00	0.7804E+00
130.0	0.1040E+02	0.4083E+00	-0.3535E+00	0.7938E+00
131.0	0.1031E+02	0.4106E+00	-0.3258E+00	0.8065E+00
132.0	0.1022E+02	0.4127E+00	-0.2974E+00	0.8185E+00
133.0	0.1013E+02	0.4145E+00	-0.2682E+00	0.8297E+00
134.0	0.1004E+02	0.4160E+00	-0.2385E+00	0.8400E+00
135.0	0.9946E+01	0.4172E+00	-0.2081E+00	0.8494E+00
136.0	0.9856E+01	0.4181E+00	-0.1770E+00	0.8579E+00
137.0	0.9766E+01	0.4186E+00	-0.1454E+00	0.8655E+00
138.0	0.9676E+01	0.4187E+00	-0.1131E+00	0.8721E+00
139.0	0.9587E+01	0.4185E+00	-0.8036E-01	0.8776E+00
140.0	0.9499E+01	0.4179E+00	-0.4707E-01	0.8821E+00
141.0	0.9411E+01	0.4169E+00	-0.1331E-01	0.8854E+00
142.0	0.9324E+01	0.4155E+00	0.2090E-01	0.8876E+00
143.0	0.9239E+01	0.4136E+00	0.5550E-01	0.8886E+00
144.0	0.9154E+01	0.4113E+00	0.9046E-01	0.8883E+00
145.0	0.9071E+01	0.4085E+00	0.1257E+00	0.8868E+00
146.0	0.8989E+01	0.4052E+00	0.1612E+00	0.8840E+00
147.0	0.8908E+01	0.4015E+00	0.1969E+00	0.8799E+00
148.0	0.8829E+01	0.3972E+00	0.2328E+00	0.8744E+00
149.0	0.8752E+01	0.3924E+00	0.2687E+00	0.8675E+00
150.0	0.8676E+01	0.3872E+00	0.3046E+00	0.8592E+00
151.0	0.8602E+01	0.3813E+00	0.3405E+00	0.8494E+00
152.0	0.8530E+01	0.3750E+00	0.3762E+00	0.8382E+00
153.0	0.8460E+01	0.3680E+00	0.4117E+00	0.8255E+00
154.0	0.8391E+01	0.3606E+00	0.4470E+00	0.8113E+00
155.0	0.8325E+01	0.3525E+00	0.4818E+00	0.7957E+00
156.0	0.8261E+01	0.3440E+00	0.5163E+00	0.7785E+00
157.0	0.8200E+01	0.3348E+00	0.5502E+00	0.7599E+00
158.0	0.8140E+01	0.3251E+00	0.5835E+00	0.7397E+00
159.0	0.8083E+01	0.3149E+00	0.6161E+00	0.7181E+00
160.0	0.8028E+01	0.3041E+00	0.6479E+00	0.6950E+00
161.0	0.7976E+01	0.2927E+00	0.6788E+00	0.6705E+00
162.0	0.7926E+01	0.2809E+00	0.7088E+00	0.6446E+00
163.0	0.7879E+01	0.2685E+00	0.7377E+00	0.6173E+00
164.0	0.7834E+01	0.2556E+00	0.7655E+00	0.5887E+00
165.0	0.7791E+01	0.2422E+00	0.7921E+00	0.5588E+00
166.0	0.7752E+01	0.2284E+00	0.8174E+00	0.5276E+00
167.0	0.7715E+01	0.2141E+00	0.8414E+00	0.4953E+00
168.0	0.7680E+01	0.1994E+00	0.8639E+00	0.4618E+00
169.0	0.7648E+01	0.1842E+00	0.8849E+00	0.4273E+00
170.0	0.7619E+01	0.1688E+00	0.9043E+00	0.3917E+00
171.0	0.7593E+01	0.1529E+00	0.9220E+00	0.3553E+00
172.0	0.7569E+01	0.1367E+00	0.9381E+00	0.3180E+00
173.0	0.7549E+01	0.1203E+00	0.9524E+00	0.2800E+00
174.0	0.7530E+01	0.1036E+00	0.9649E+00	0.2412E+00
175.0	0.7515E+01	0.8668E-01	0.9755E+00	0.2019E+00
176.0	0.7503E+01	0.6957E-01	0.9843E+00	0.1622E+00
177.0	0.7493E+01	0.5231E-01	0.9912E+00	0.1220E+00
178.0	0.7486E+01	0.3494E-01	0.9961E+00	0.8149E-01
179.0	0.7482E+01	0.1750E-01	0.9990E+00	0.4082E-01
180.0	0.7480E+01	0.1927E-04	0.1000E+01	0.2799E-04
