0.0	0.3126E+01	0.0000E+00	0.1000E+01	0.0000E+00
1.0	0.3128E+01	-0.1717E-03	0.9988E+00	-0.4987E-01
2.0	0.3131E+01	-0.3378E-03	0.9950E+00	-0.9957E-01
3.0	0.3138E+01	-0.4931E-03	0.9888E+00	-0.1489E+00
4.0	0.3146E+01	-0.6319E-03	0.9802E+00	-0.1978E+00
5.0	0.3158E+01	-0.7490E-03	0.9693E+00	-0.2459E+00
6.0	0.3171E+01	-0.8397E-03	0.9560E+00	-0.2932E+00
7.0	0.3188E+01	-0.8982E-03	0.9405E+00	-0.3396E+00
8.0	0.3206E+01	-0.9202E-03	0.9228E+00	-0.3848E+00
9.0	0.3227E+01	-0.9005E-03	0.9031E+00	-0.4288E+00
10.0	0.3251E+01	-0.8351E-03	0.8815E+00	-0.4714E+00
11.0	0.3276E+01	-0.7198E-03	0.8580E+00	-0.5125E+00
12.0	0.3304E+01	-0.5500E-03	0.8328E+00	-0.5521E+00
13.0	0.3334E+01	-0.3222E-03	0.8061E+00	-0.5900E+00
14.0	0.3366E+01	-0.3292E-04	0.7779E+00	-0.6262E+00
15.0	0.3401E+01	0.3217E-03	0.7483E+00	-0.6606E+00
16.0	0.3437E+01	0.7441E-03	0.7176E+00	-0.6932E+00
17.0	0.3475E+01	0.1237E-02	0.6858E+00	-0.7240E+00
18.0	0.3516E+01	0.1805E-02	0.6530E+00	-0.7529E+00
19.0	0.3558E+01	0.2448E-02	0.6194E+00	-0.7799E+00
20.0	0.3602E+01	0.3170E-02	0.5850E+00	-0.8051E+00
21.0	0.3647E+01	0.3973E-02	0.5501E+00	-0.8283E+00
22.0	0.3694E+01	0.4858E-02	0.5147E+00	-0.8498E+00
23.0	0.3743E+01	0.5827E-02	0.4789E+00	-0.8694E+00
24.0	0.3793E+01	0.6883E-02	0.4428E+00	-0.8871E+00
25.0	0.3845E+01	0.8026E-02	0.4065E+00	-0.9031E+00
26.0	0.3898E+01	0.9257E-02	0.3701E+00	-0.9174E+00
27.0	0.3952E+01	0.1058E-01	0.3337E+00	-0.9300E+00
28.0	0.4008E+01	0.1199E-01	0.2973E+00	-0.9409E+00
29.0	0.4064E+01	0.1350E-01	0.2610E+00	-0.9503E+00
30.0	0.4122E+01	0.1509E-01	0.2249E+00	-0.9581E+00
31.0	0.4180E+01	0.1679E-01	0.1890E+00	-0.9643E+00
32.0	0.4239E+01	0.1857E-01	0.1533E+00	-0.9692E+00
33.0	0.4299E+01	0.2045E-01	0.1180E+00	-0.9726E+00
34.0	0.4360E+01	0.2243E-01	0.8312E-01	-0.9747E+00
35.0	0.4421E+01	0.2450E-01	0.4860E-01	-0.9755E+00
36.0	0.4483E+01	0.2667E-01	0.1453E-01	-0.9750E+00
37.0	0.4545E+01	0.2894E-01	-0.1909E-01	-0.9734E+00
38.0	0.4608E+01	0.3130E-01	-0.5220E-01	-0.9706E+00
39.0	0.4671E+01	0.3376E-01	-0.8480E-01	-0.9667E+00
40.0	0.4734E+01	0.3632E-01	-0.1169E+00	-0.9617E+00
41.0	0.4797E+01	0.3897E-01	-0.1483E+00	-0.9557E+00
42.0	0.4860E+01	0.4172E-01	-0.1793E+00	-0.9488E+00
43.0	0.4924E+01	0.4457E-01	-0.2096E+00	-0.9409E+00
44.0	0.4987E+01	0.4751E-01	-0.2394E+00	-0.9321E+00
45.0	0.5050E+01	0.5055E-01	-0.2685E+00	-0.9225E+00
46.0	0.5113E+01	0.5369E-01	-0.2970E+00	-0.9121E+00
47.0	0.5175E+01	0.5692E-01	-0.3249E+00	-0.9008E+00
48.0	0.5237E+01	0.6024E-01	-0.3521E+00	-0.8888E+00
49.0	0.5299E+01	0.6366E-01	-0.3788E+00	-0.8761E+00
50.0	0.5360E+01	0.6716E-01	-0.4047E+00	-0.8627E+00
51.0	0.5421E+01	0.7076E-01	-0.4301E+00	-0.8487E+00
52.0	0.5481E+01	0.7445E-01	-0.4548E+00	-0.8340E+00
53.0	0.5541E+01	0.7822E-01	-0.4788E+00	-0.8187E+00
54.0	0.5600E+01	0.8209E-01	-0.5022E+00	-0.8028E+00
55.0	0.5658E+01	0.8604E-01	-0.5249E+00	-0.7864E+00
56.0	0.5716E+01	0.9007E-01	-0.5470E+00	-0.7694E+00
57.0	0.5772E+01	0.9418E-01	-0.5684E+00	-0.7519E+00
58.0	0.5828E+01	0.9838E-01	-0.5892E+00	-0.7339E+00
59.0	0.5883E+01	0.1026E+00	-0.6093E+00	-0.7155E+00
60.0	0.5937E+01	0.1070E+00	-0.6287E+00	-0.6965E+00
61.0	0.5990E+01	0.1114E+00	-0.6475E+00	-0.6772E+00
62.0	0.6042E+01	0.1159E+00	-0.6656E+00	-0.6575E+00
63.0	0.6093E+01	0.1205E+00	-0.6830E+00	-0.6373E+00
64.0	0.6142E+01	0.1251E+00	-0.6998E+00	-0.6168E+00
65.0	0.6191E+01	0.1298E+00	-0.7159E+00	-0.5959E+00
66.0	0.6238E+01	0.1346E+00	-0.7314E+00	-0.5747E+00
67.0	0.6285E+01	0.1394E+00	-0.7462E+00	-0.5531E+00
68.0	0.6330E+01	0.1442E+00	-0.7603E+00	-0.5312E+00
69.0	0.6373E+01	0.1492E+00	-0.7737E+00	-0.5091E+00
70.0	0.6416E+01	0.1541E+00	-0.7865E+00	-0.4866E+00
71.0	0.6457E+01	0.1592E+00	-0.7986E+00	-0.4639E+00
72.0	0.6497E+01	0.1642E+00	-0.8100E+00	-0.4409E+00
73.0	0.6535E+01	0.1693E+00	-0.8208E+00	-0.4177E+00
74.0	0.6573E+01	0.1745E+00	-0.8309E+00	-0.3943E+00
75.0	0.6608E+01	0.1797E+00	-0.8403E+00	-0.3707E+00
76.0	0.6642E+01	0.1849E+00	-0.8490E+00	-0.3469E+00
77.0	0.6675E+01	0.1901E+00	-0.8571E+00	-0.3229E+00
78.0	0.6706E+01	0.1954E+00	-0.8645E+00	-0.2987E+00
79.0	0.6736E+01	0.2007E+00	-0.8712E+00	-0.2744E+00
80.0	0.6764E+01	0.2060E+00	-0.8772E+00	-0.2499E+00
81.0	0.6791E+01	0.2113E+00	-0.8826E+00	-0.2253E+00
82.0	0.6816E+01	0.2166E+00	-0.8873E+00	-0.2006E+00
83.0	0.6840E+01	0.2220E+00	-0.8913E+00	-0.1758E+00
84.0	0.6862E+01	0.2273E+00	-0.8946E+00	-0.1509E+00
85.0	0.6882E+01	0.2327E+00	-0.8972E+00	-0.1260E+00
86.0	0.6901E+01	0.2380E+00	-0.8992E+00	-0.1010E+00
87.0	0.6918E+01	0.2434E+00	-0.9005E+00	-0.7589E-01
88.0	0.6934E+01	0.2487E+00	-0.9010E+00	-0.5079E-01
89.0	0.6947E+01	0.2540E+00	-0.9009E+00	-0.2567E-01
90.0	0.6960E+01	0.2594E+00	-0.9002E+00	-0.5407E-03
91.0	0.6970E+01	0.2647E+00	-0.8987E+00	0.2458E-01
92.0	0.6979E+01	0.2699E+00	-0.8965E+00	0.4969E-01
93.0	0.6986E+01	0.2752E+00	-0.8937E+00	0.7477E-01
94.0	0.6992E+01	0.2804E+00	-0.8902E+00	0.9981E-01
95.0	0.6995E+01	0.2856E+00	-0.8859E+00	0.1248E+00
96.0	0.6998E+01	0.2908E+00	-0.8810E+00	0.1497E+00
97.0	0.6998E+01	0.2959E+00	-0.8754E+00	0.1745E+00
98.0	0.6997E+01	0.3009E+00	-0.8691E+00	0.1993E+00
99.0	0.6994E+01	0.3060E+00	-0.8621E+00	0.2239E+00
100.0	0.6990E+01	0.3110E+00	-0.8543E+00	0.2484E+00
101.0	0.6984E+01	0.3159E+00	-0.8459E+00	0.2727E+00
102.0	0.6976E+01	0.3208E+00	-0.8368E+00	0.2969E+00
103.0	0.6966E+01	0.3256E+00	-0.8270E+00	0.3210E+00
104.0	0.6956E+01	0.3303E+00	-0.8164E+00	0.3448E+00
105.0	0.6943E+01	0.3350E+00	-0.8052E+00	0.3685E+00
106.0	0.6929E+01	0.3395E+00	-0.7932E+00	0.3919E+00
107.0	0.6914E+01	0.3441E+00	-0.7805E+00	0.4151E+00
108.0	0.6897E+01	0.3485E+00	-0.7671E+00	0.4381E+00
109.0	0.6879E+01	0.3528E+00	-0.7530E+00	0.4608E+00
110.0	0.6859E+01	0.3570E+00	-0.7382E+00	0.4832E+00
111.0	0.6838E+01	0.3612E+00	-0.7226E+00	0.5053E+00
112.0	0.6815E+01	0.3652E+00	-0.7063E+00	0.5270E+00
113.0	0.6791E+01	0.3691E+00	-0.6893E+00	0.5484E+00
114.0	0.6766E+01	0.3729E+00	-0.6716E+00	0.5695E+00
115.0	0.6740E+01	0.3766E+00	-0.6531E+00	0.5902E+00
116.0	0.6713E+01	0.3801E+00	-0.6340E+00	0.6104E+00
117.0	0.6685E+01	0.3835E+00	-0.6140E+00	0.6302E+00
118.0	0.6655E+01	0.3867E+00	-0.5934E+00	0.6496E+00
119.0	0.6625E+01	0.3898E+00	-0.5721E+00	0.6685E+00
120.0	0.6593E+01	0.3927E+00	-0.5500E+00	0.6868E+00
121.0	0.6561E+01	0.3955E+00	-0.5272E+00	0.7047E+00
122.0	0.6528E+01	0.3980E+00	-0.5037E+00	0.7219E+00
123.0	0.6494E+01	0.4004E+00	-0.4795E+00	0.7386E+00
124.0	0.6459E+01	0.4026E+00	-0.4546E+00	0.7546E+00
125.0	0.6424E+01	0.4046E+00	-0.4290E+00	0.7700E+00
126.0	0.6388E+01	0.4063E+00	-0.4028E+00	0.7847E+00
127.0	0.6352E+01	0.4078E+00	-0.3759E+00	0.7987E+00
128.0	0.6315E+01	0.4091E+00	-0.3483E+00	0.8120E+00
129.0	0.6278E+01	0.4102E+00	-0.3201E+00	0.8245E+00
130.0	0.6240E+01	0.4109E+00	-0.2913E+00	0.8361E+00
131.0	0.6202E+01	0.4115E+00	-0.2618E+00	0.8470E+00
132.0	0.6164E+01	0.4117E+00	-0.2318E+00	0.8569E+00
133.0	0.6126E+01	0.4116E+00	-0.2013E+00	0.8660E+00
134.0	0.6087E+01	0.4113E+00	-0.1702E+00	0.8741E+00
135.0	0.6049E+01	0.4106E+00	-0.1386E+00	0.8812E+00
136.0	0.6011E+01	0.4097E+00	-0.1065E+00	0.8873E+00
137.0	0.5972E+01	0.4084E+00	-0.7395E-01	0.8924E+00
138.0	0.5934E+01	0.4067E+00	-0.4102E-01	0.8964E+00
139.0	0.5896E+01	0.4047E+00	-0.7708E-02	0.8994E+00
140.0	0.5859E+01	0.4024E+00	0.2593E-01	0.9012E+00
141.0	0.5821E+01	0.3996E+00	0.5987E-01	0.9018E+00
142.0	0.5784E+01	0.3965E+00	0.9405E-01	0.9012E+00
143.0	0.5748E+01	0.3931E+00	0.1284E+00	0.8995E+00
144.0	0.5712E+01	0.3892E+00	0.1630E+00	0.8965E+00
145.0	0.5676E+01	0.3849E+00	0.1976E+00	0.8922E+00
146.0	0.5641E+01	0.3802E+00	0.2323E+00	0.8867E+00
147.0	0.5607E+01	0.3752E+00	0.2670E+00	0.8799E+00
148.0	0.5573E+01	0.3697E+00	0.3016E+00	0.8717E+00
149.0	0.5540E+01	0.3637E+00	0.3361E+00	0.8623E+00
150.0	0.5508E+01	0.3574E+00	0.3704E+00	0.8515E+00
151.0	0.5476E+01	0.3506E+00	0.4045E+00	0.8394E+00
152.0	0.5445E+01	0.3435E+00	0.4382E+00	0.8259E+00
153.0	0.5415E+01	0.3358E+00	0.4716E+00	0.8111E+00
154.0	0.5386E+01	0.3278E+00	0.5046E+00	0.7949E+00
155.0	0.5358E+01	0.3193E+00	0.5370E+00	0.7774E+00
156.0	0.5331E+01	0.3104E+00	0.5688E+00	0.7586E+00
157.0	0.5305E+01	0.3012E+00	0.6000E+00	0.7385E+00
158.0	0.5280E+01	0.2914E+00	0.6305E+00	0.7171E+00
159.0	0.5255E+01	0.2813E+00	0.6602E+00	0.6944E+00
160.0	0.5232E+01	0.2708E+00	0.6891E+00	0.6705E+00
161.0	0.5210E+01	0.2599E+00	0.7170E+00	0.6453E+00
162.0	0.5189E+01	0.2487E+00	0.7439E+00	0.6190E+00
163.0	0.5169E+01	0.2370E+00	0.7699E+00	0.5915E+00
164.0	0.5150E+01	0.2251E+00	0.7947E+00	0.5629E+00
165.0	0.5132E+01	0.2127E+00	0.8183E+00	0.5333E+00
166.0	0.5115E+01	0.2001E+00	0.8407E+00	0.5026E+00
167.0	0.5099E+01	0.1872E+00	0.8618E+00	0.4709E+00
168.0	0.5085E+01	0.1739E+00	0.8816E+00	0.4384E+00
169.0	0.5071E+01	0.1604E+00	0.9000E+00	0.4050E+00
170.0	0.5059E+01	0.1467E+00	0.9170E+00	0.3708E+00
171.0	0.5048E+01	0.1327E+00	0.9325E+00	0.3359E+00
172.0	0.5038E+01	0.1185E+00	0.9464E+00	0.3003E+00
173.0	0.5029E+01	0.1041E+00	0.9588E+00	0.2641E+00
174.0	0.5021E+01	0.8955E-01	0.9697E+00	0.2273E+00
175.0	0.5015E+01	0.7485E-01	0.9789E+00	0.1902E+00
176.0	0.5009E+01	0.6003E-01	0.9865E+00	0.1526E+00
177.0	0.5005E+01	0.4511E-01	0.9924E+00	0.1147E+00
178.0	0.5002E+01	0.3012E-01	0.9966E+00	0.7663E-01
179.0	0.5001E+01	0.1508E-01	0.9991E+00	0.3837E-01
180.0	0.5000E+01	0.1510E-04	0.1000E+01	0.2468E-04
